v    -0.192910     0.469908     0.460967
v    -0.192910     0.468138     0.461141
v    -0.155479     0.401031     0.464064
v    -0.160285     0.437283     0.460967
v    -0.227565     0.499810     0.454609
v    -0.199353     0.495604     0.457802
v    -0.214834     0.512541     0.454609
v     0.054747    -0.106498     0.464064
v     0.073591    -0.248638     0.451920
v     0.074260    -0.238736     0.452962
v     0.074260    -0.141481     0.462540
v     0.085760    -0.151992     0.460373
v    -0.145239     0.491202     0.449628
v     0.121180    -0.151992     0.449628
v    -0.153712     0.508340     0.448203
v    -0.146165     0.507922     0.447031
v    -0.227450     0.538883     0.448203
v    -0.280216     0.590842     0.427046
v    -0.290759     0.586475     0.427046
v    -0.261571     0.557287     0.439567
v    -0.238604     0.550879     0.444397
v    -0.266265     0.583052     0.431162
v    -0.233513     0.546647     0.445930
v    -0.248304     0.509744     0.449566
v    -0.362493     0.509744     0.414927
v    -0.324983     0.600300     0.414927
v    -0.364480     0.508900     0.414218
v    -0.353013     0.358045     0.398742
v     0.011437    -0.521813     0.398742
v     0.071025    -0.308266     0.443650
v     0.073591    -0.277301     0.448319
v     0.018181    -0.643680     0.379814
v     0.063215    -0.631113     0.389284
v     0.068796    -0.619462     0.392117
v     0.071025    -0.529846     0.407218
v     0.009333    -0.665585     0.372057
v     0.021703    -0.696108     0.364352
v     0.055796    -0.710230     0.364352
v     0.063215    -0.692754     0.370586
v     0.071538    -0.689306     0.370586
v     0.084294    -0.657829     0.378531
v     0.083114    -0.311427     0.441142
v     0.135425    -0.185135     0.441142
v     0.137421    -0.158887     0.443835
v     0.454292     0.337666     0.212874
v     0.417670     0.367524     0.228173
v     0.242885    -0.125624     0.392227
v     0.541440    -0.125624     0.232646
v     0.639067    -0.069148     0.172375
v     0.654987    -0.054283     0.161737
v     0.653915    -0.038963     0.160115
v     0.612821     0.114404     0.160115
v     0.557840     0.200228     0.177211
v     0.471935     0.320263     0.205937
v    -0.139762     0.514324     0.443112
v     0.353562     0.439161     0.243077
v     0.276053     0.514977     0.263031
v     0.227848     0.526873     0.281761
v    -0.038796     0.606960     0.360942
v    -0.110186     0.586481     0.399934
v    -0.138008     0.565702     0.420562
v     0.140178     0.614543     0.281761
v     0.103714     0.622796     0.293735
v    -0.174109     0.567702     0.426168
v    -0.219074     0.579750     0.426168
v    -0.347257     0.629891     0.397037
v    -0.354910     0.627841     0.397037
v    -0.341997     0.617314     0.404513
v    -0.288871     0.598485     0.422186
v    -0.293542     0.603488     0.418843
v    -0.447123     0.668621     0.345708
v    -0.460363     0.655381     0.345708
v    -0.451772     0.652018     0.350781
v    -0.407644     0.650512     0.370150
v    -0.417374     0.657779     0.362935
v    -0.423576     0.661867     0.358568
v    -0.405649     0.521885     0.394072
v    -0.482172     0.656473     0.333894
v    -0.491894     0.650731     0.329520
v    -0.511846     0.576270     0.329520
v    -0.515651     0.521885     0.335275
v    -0.520761     0.517113     0.331860
v    -0.497680     0.187215     0.296949
v    -0.490259     0.119874     0.291270
v    -0.481278     0.054005     0.286637
v    -0.472450     0.021058     0.286637
v    -0.446581    -0.385240     0.224996
v    -0.430089    -0.425054     0.224996
v    -0.393062    -0.490451     0.229297
v    -0.374943    -0.510699     0.233509
v    -0.272455    -0.610949     0.259894
v    -0.200476    -0.658905     0.282449
v    -0.151202    -0.671065     0.301595
v    -0.456171    -0.272850     0.240993
v    -0.033360    -0.788907     0.301595
v     0.003726    -0.797301     0.313773
v     0.013891    -0.789710     0.321309
v     0.018949    -0.776788     0.328940
v     0.052297    -0.764969     0.340034
v     0.055796    -0.753876     0.345462
v     0.048911    -0.799093     0.321309
v     0.052297    -0.793239     0.324923
v     0.072919    -0.759945     0.339766
v     0.074290    -0.787346     0.324923
v     0.073824    -0.756276     0.341191
v     0.139978    -0.690122     0.341191
v     0.146804    -0.659962     0.351095
v     0.263322    -0.545989     0.321098
v     0.417434    -0.454983     0.251757
v     0.437819    -0.438363     0.243242
v     0.469505    -0.394089     0.232646
v     0.679768    -0.054283     0.141399
v     0.668620     0.001761     0.141399
v     0.667906     0.011850     0.139946
v     0.621655     0.102357     0.156019
v     0.277928     0.537056     0.250674
v     0.325395     0.481316     0.243077
v     0.258174     0.567059     0.245387
v     0.214507     0.610727     0.245387
v     0.183541     0.618224     0.257493
v     0.168068     0.628562     0.257493
v     0.149514     0.632779     0.263573
v    -0.185637     0.591824     0.410801
v    -0.214599     0.597585     0.410801
v    -0.415148     0.663543     0.358568
v    -0.353152     0.634589     0.392451
v    -0.362604     0.643053     0.383962
v    -0.474594     0.687208     0.318639
v    -0.488266     0.678073     0.318639
v    -0.483610     0.673416     0.324412
v    -0.451416     0.670683     0.342429
v    -0.473687     0.686629     0.319520
v    -0.490808     0.678857     0.316361
v    -0.510109     0.649971     0.316361
v    -0.510197     0.649932     0.316304
v    -0.513300     0.646557     0.314697
v    -0.517223     0.591160     0.322676
v    -0.520094     0.576728     0.322676
v    -0.524474     0.518144     0.328644
v    -0.523552     0.517113     0.329570
v    -0.500763     0.212365     0.298524
v    -0.465712    -0.165815     0.254977
v    -0.328778    -0.579789     0.233509
v    -0.297959    -0.599664     0.246544
v    -0.075937    -0.783444     0.282449
v    -0.048178    -0.790165     0.293302
v    -0.016773    -0.811149     0.293302
v     0.001536    -0.815310     0.299301
v     0.004392    -0.813265     0.302240
v     0.009524    -0.813629     0.302979
v     0.048911    -0.799406     0.321080
v     0.036677    -0.819030     0.302979
v     0.048246    -0.819895     0.304157
v     0.048947    -0.819267     0.304787
v     0.048947    -0.799552     0.320967
v     0.057282    -0.818643     0.303938
v     0.083247    -0.813479     0.303938
v     0.082856    -0.811796     0.305383
v     0.083315    -0.800800     0.313327
v     0.094036    -0.821203     0.292840
v     0.109133    -0.817772     0.287894
v     0.128760    -0.804657     0.287894
v     0.147779    -0.800052     0.280458
v     0.149189    -0.798642     0.280458
v     0.204020    -0.774380     0.251757
v     0.669045    -0.177127     0.129334
v     0.675084    -0.168892     0.126534
v     0.685243    -0.157273     0.120094
v     0.688185    -0.152273     0.118495
v     0.702017    -0.082739     0.118495
v     0.702391    -0.077728     0.119005
v     0.685251    -0.058586     0.136197
v     0.694542    -0.030052     0.119368
v     0.709302    -0.077728     0.110585
v     0.704228    -0.045695     0.110585
v     0.679766    -0.003857     0.130124
v     0.488477     0.308635     0.193611
v     0.540433     0.234392     0.177211
v     0.213484     0.626385     0.231645
v     0.246417     0.593452     0.231645
v     0.212912     0.627594     0.230886
v     0.199014     0.631314     0.235995
v     0.177639     0.642205     0.235995
v     0.170510     0.643987     0.238143
v    -0.155228     0.616918     0.375785
v    -0.275069     0.635899     0.375785
v    -0.478808     0.705831     0.295133
v    -0.481829     0.705353     0.295133
v    -0.480373     0.695277     0.307692
v    -0.428385     0.671877     0.346238
v    -0.494004     0.711852     0.280387
v    -0.499967     0.708813     0.280387
v    -0.500134     0.705492     0.284145
v    -0.494403     0.696524     0.297944
v    -0.495265     0.683315     0.309537
v    -0.515501     0.690124     0.284145
v    -0.513279     0.682292     0.293585
v    -0.513061     0.682153     0.293919
v    -0.525026     0.657379     0.294683
v    -0.518950     0.645996     0.308470
v    -0.524861     0.659561     0.293585
v    -0.525133     0.658471     0.293913
v    -0.523880     0.588357     0.315818
v    -0.525983     0.518144     0.326806
v    -0.524638     0.583574     0.315818
v    -0.529552     0.523443     0.321435
v    -0.501240     0.215378     0.298524
v    -0.467137    -0.150460     0.256808
v    -0.424639    -0.446858     0.218425
v    -0.394454    -0.506101     0.218425
v    -0.392023    -0.515182     0.215087
v    -0.337940    -0.575455     0.227759
v    -0.127286    -0.770337     0.246544
v    -0.075280    -0.793504     0.273621
v    -0.060778    -0.806517     0.270572
v    -0.036810    -0.812931     0.279382
v    -0.013479    -0.824819     0.279382
v    -0.002264    -0.827622     0.282761
v     0.002506    -0.825075     0.288539
v     0.014866    -0.826132     0.290115
v     0.032594    -0.828940     0.290115
v     0.048246    -0.830219     0.291577
v     0.048617    -0.830469     0.291201
v     0.061425    -0.829422     0.290004
v     0.080908    -0.826337     0.290004
v     0.093634    -0.825248     0.288382
v     0.102060    -0.829746     0.278176
v     0.118086    -0.825740     0.273347
v     0.130072    -0.819633     0.273347
v     0.146793    -0.815158     0.267201
v     0.151411    -0.816468     0.261636
v     0.189670    -0.799425     0.241716
v     0.189733    -0.799387     0.241693
v     0.215488    -0.773631     0.241693
v     0.259614    -0.752757     0.214001
v     0.267571    -0.746564     0.210496
v     0.357633    -0.670205     0.174672
v     0.449344    -0.567998     0.153183
v     0.481351    -0.545499     0.129334
v     0.713669    -0.118524     0.097390
v     0.718873    -0.112870     0.092141
v     0.722120    -0.092371     0.092141
v     0.721678    -0.091715     0.092805
v     0.726775    -0.071713     0.078343
v     0.738723    -0.096210     0.062023
v     0.751832    -0.096210     0.037498
v     0.622630     0.123793     0.137941
v     0.630243     0.115703     0.130124
v     0.242097     0.630112     0.193130
v     0.487993     0.309654     0.193130
v     0.240845     0.632527     0.191743
v     0.218844     0.635120     0.214859
v     0.216978     0.643995     0.202818
v     0.239256     0.643839     0.175418
v     0.230918     0.650237     0.175418
v     0.219293     0.649133     0.191634
v     0.165823     0.670713     0.192676
v     0.169777     0.669643     0.191634
v    -0.047260     0.693947     0.211075
v     0.160009     0.673987     0.188557
v    -0.483603     0.743473     0.225891
v    -0.483603     0.726568     0.257518
v    -0.303154     0.727636     0.211075
v    -0.501161     0.751081     0.207333
v    -0.504396     0.750655     0.207333
v    -0.503040     0.731521     0.243464
v    -0.503062     0.731396     0.243677
v    -0.507573     0.751567     0.203246
v    -0.511537     0.749925     0.203246
v    -0.513555     0.745584     0.209676
v    -0.507249     0.731587     0.240146
v    -0.509495     0.720902     0.254641
v    -0.533525     0.730261     0.209676
v    -0.533572     0.729924     0.210163
v    -0.522964     0.719315     0.240491
v    -0.525477     0.697987     0.262899
v    -0.543589     0.716869     0.210163
v    -0.543125     0.711984     0.216977
v    -0.537859     0.702824     0.236866
v    -0.526598     0.697752     0.261377
v    -0.530078     0.604923     0.300382
v    -0.530393     0.523443     0.319861
v    -0.538378     0.541873     0.300382
v    -0.505106     0.235319     0.296204
v    -0.502058     0.212169     0.296204
v    -0.450749    -0.399769     0.206308
v    -0.442189    -0.431409     0.197970
v    -0.425743    -0.471114     0.197970
v    -0.414091    -0.510543     0.185147
v    -0.414971    -0.519806     0.172227
v    -0.393180    -0.565608     0.150625
v    -0.386963    -0.576265     0.147453
v    -0.328933    -0.651892     0.147453
v    -0.315380    -0.678055     0.132434
v    -0.306337    -0.689394     0.129700
v    -0.257722    -0.738009     0.129700
v    -0.215349    -0.759959     0.154023
v    -0.195850    -0.774921     0.154023
v    -0.149770    -0.796845     0.175756
v    -0.101422    -0.814363     0.207430
v    -0.070825    -0.821692     0.233554
v    -0.057847    -0.820459     0.251656
v    -0.039141    -0.825987     0.257739
v    -0.032402    -0.828778     0.257739
v    -0.011794    -0.834353     0.263170
v    -0.011130    -0.834376     0.263634
v    -0.001561    -0.831631     0.275940
v     0.015563    -0.833280     0.277801
v     0.030616    -0.835262     0.277801
v     0.048617    -0.836842     0.279279
v     0.069895    -0.838418     0.271088
v     0.087587    -0.836089     0.271088
v     0.055226    -0.839705     0.272293
v     0.101177    -0.834780     0.269612
v     0.108015    -0.836742     0.260818
v     0.117327    -0.834222     0.258363
v     0.135853    -0.826549     0.258363
v     0.149387    -0.822549     0.253962
v     0.150270    -0.821893     0.254275
v     0.176899    -0.809224     0.241716
v     0.222296    -0.782518     0.223001
v     0.361503    -0.667396     0.171899
v     0.388605    -0.643760     0.157396
v     0.447740    -0.589932     0.128551
v     0.481928    -0.545378     0.128551
v     0.510787    -0.522611     0.102327
v     0.556017    -0.471953     0.072822
v     0.625710    -0.392202     0.028669
v     0.633943    -0.382159     0.023935
v     0.691926    -0.304141    -0.003767
v     0.741938    -0.108826     0.052902
v     0.707649    -0.287431    -0.019912
v     0.715395    -0.276530    -0.025839
v     0.775047    -0.132518    -0.025839
v     0.769961    -0.114794    -0.003042
v     0.765949    -0.110527     0.007560
v     0.761484    -0.102280     0.017946
v     0.783853    -0.105014    -0.049687
v     0.782405    -0.114794    -0.041281
v     0.785454    -0.115673    -0.051003
v     0.800593    -0.115673    -0.100913
v     0.802307    -0.108701    -0.109153
v     0.801954    -0.105566    -0.109153
v     0.767333    -0.099609    -0.001108
v     0.759884     0.059236    -0.160944
v     0.803364    -0.057212    -0.170021
v     0.794027    -0.024276    -0.177287
v     0.764346     0.060548    -0.177287
v     0.531277     0.425781    -0.166225
v     0.478480     0.493763    -0.135065
v     0.436698     0.540085    -0.095881
v     0.763538     0.065458    -0.184326
v     0.749400     0.093788    -0.195649
v     0.605493     0.322815    -0.195649
v     0.587933     0.348351    -0.190966
v     0.254715     0.659298     0.112512
v     0.422071     0.557585    -0.093121
v     0.355417     0.614505    -0.040214
v     0.333554     0.630289    -0.017762
v     0.298459     0.652926     0.014809
v     0.258737     0.668227     0.078653
v     0.253925     0.661445     0.108965
v     0.322700     0.638543    -0.010966
v     0.304937     0.649595     0.006580
v     0.240701     0.664389     0.125550
v     0.241437     0.671776     0.101284
v     0.239843     0.666357     0.121131
v     0.257222     0.669179     0.078653
v     0.151136     0.701108     0.108808
v     0.185242     0.691440     0.101284
v    -0.174062     0.746750     0.100114
v     0.105079     0.718104     0.075213
v    -0.316357     0.762783     0.100115
v    -0.495825     0.779235     0.112539
v    -0.496485     0.779103     0.113219
v    -0.504967     0.777018     0.123243
v    -0.504967     0.764282     0.165228
v    -0.513142     0.776097     0.123243
v    -0.513262     0.776034     0.123406
v    -0.513582     0.765558     0.157823
v    -0.513741     0.765071     0.159254
v    -0.522091     0.772945     0.123406
v    -0.519694     0.764792     0.153264
v    -0.520514     0.762910     0.157491
v    -0.525666     0.772356     0.118281
v    -0.536300     0.765675     0.118281
v    -0.532452     0.760252     0.142517
v    -0.540808     0.737544     0.180040
v    -0.567988     0.737415     0.109320
v    -0.558826     0.730914     0.150267
v    -0.541875     0.763527     0.109320
v    -0.559503     0.727871     0.154084
v    -0.568634     0.736981     0.108166
v    -0.573653     0.728992     0.108166
v    -0.563670     0.726056     0.144728
v    -0.563886     0.721466     0.149347
v    -0.572232     0.718735     0.124805
v    -0.578276     0.723909     0.098723
v    -0.580171     0.718493     0.098723
v    -0.546386     0.544181     0.274844
v    -0.608010     0.544181     0.071695
v    -0.587313     0.704917     0.080219
v    -0.590974     0.695381     0.071695
v    -0.609952     0.536282     0.062360
v    -0.617027     0.500909     0.025897
v    -0.603341     0.351615     0.015562
v    -0.553450    -0.091180     0.015562
v    -0.541626    -0.206394     0.005284
v    -0.526130    -0.264620     0.029346
v    -0.485759    -0.374021     0.109145
v    -0.477341    -0.391069     0.128116
v    -0.451533    -0.464822     0.128116
v    -0.442941    -0.482268     0.136376
v    -0.439543    -0.487823     0.141204
v    -0.423289    -0.516183     0.153551
v    -0.419636    -0.523503     0.150625
v    -0.338879    -0.649941     0.127999
v    -0.381624    -0.585902     0.142721
v    -0.344963    -0.641093     0.129621
v    -0.297222    -0.701127     0.122854
v    -0.260074    -0.738275     0.122854
v    -0.256672    -0.740863     0.124984
v    -0.298931    -0.699133     0.123601
v    -0.242570    -0.752650     0.122760
v    -0.212423    -0.769353     0.137563
v    -0.204971    -0.772891     0.142583
v    -0.183321    -0.783696     0.151236
v    -0.172518    -0.788334     0.157879
v    -0.056413    -0.826226     0.237484
v    -0.049936    -0.827956     0.240096
v    -0.024017    -0.834710     0.247785
v    -0.028843    -0.833936     0.244749
v     0.017059    -0.837269     0.266149
v     0.032406    -0.838998     0.266149
v     0.055226    -0.841090     0.267728
v     0.074544    -0.844551     0.249144
v     0.085634    -0.843534     0.248376
v     0.096319    -0.842331     0.248376
v     0.071916    -0.844428     0.250525
v     0.106529    -0.841283     0.247465
v     0.113024    -0.841472     0.239289
v     0.136283    -0.833334     0.239289
v     0.137582    -0.832925     0.238935
v     0.147292    -0.827359     0.243163
v     0.156316    -0.822856     0.239556
v     0.178621    -0.808841     0.239556
v     0.203273    -0.795182     0.227452
v     0.222133    -0.782654     0.222975
v     0.281113    -0.736265     0.202017
v     0.449626    -0.588322     0.127054
v     0.672992    -0.333264    -0.001804
v     0.703673    -0.293759    -0.019912
v     0.739975    -0.245012    -0.057410
v     0.762335    -0.213080    -0.082432
v     0.776551    -0.188277    -0.093230
v     0.779079    -0.134360    -0.038977
v     0.784889    -0.174645    -0.105078
v     0.786551    -0.171270    -0.106676
v     0.798622    -0.136774    -0.106676
v     0.798974    -0.135531    -0.106402
v     0.798847    -0.131170    -0.100913
v     0.787798    -0.131507    -0.064614
v     0.804469    -0.107494    -0.129544
v     0.806372    -0.107494    -0.148870
v     0.806372    -0.081810    -0.174554
v     0.804469    -0.062484    -0.174554
v     0.802580    -0.108701    -0.111573
v     0.803975    -0.057787    -0.174869
v     0.802753    -0.051838    -0.181333
v     0.797566    -0.028118    -0.203644
v     0.796667    -0.024654    -0.205323
v     0.794042    -0.014793    -0.209398
v     0.788708     0.002791    -0.209398
v     0.781304     0.025751    -0.214273
v     0.769713     0.058878    -0.214273
v     0.766774     0.065276    -0.219690
v     0.765971     0.066847    -0.220106
v     0.742858     0.110088    -0.220106
v     0.739287     0.116362    -0.222559
v     0.693695     0.188922    -0.222559
v     0.637411     0.274764    -0.207054
v     0.421777     0.558166    -0.095018
v     0.421595     0.558348    -0.094677
v     0.478041     0.494299    -0.135065
v     0.475179     0.497639    -0.133813
v     0.422256     0.557629    -0.095409
v     0.372347     0.601795    -0.063151
v     0.359888     0.611713    -0.049339
v     0.334978     0.630294    -0.029973
v     0.286199     0.658789     0.026975
v     0.257957     0.670124     0.069351
v     0.254536     0.673334     0.053783
v     0.220676     0.684476     0.059245
v     0.246405     0.676179     0.053783
v     0.104699     0.718508     0.072014
v     0.118274     0.715539     0.059245
v    -0.224086     0.755553     0.072014
v    -0.292876     0.762783     0.076633
v    -0.483268     0.781535     0.076633
v    -0.495825     0.781535     0.089190
v    -0.512262     0.779916     0.089190
v    -0.512589     0.779103     0.097114
v    -0.514088     0.777512     0.109743
v    -0.518288     0.778658     0.082858
v    -0.525120     0.776586     0.082858
v    -0.525197     0.775328     0.096564
v    -0.516814     0.778981     0.084245
v    -0.526803     0.773821     0.103875
v    -0.537703     0.770572     0.074835
v    -0.537362     0.769583     0.088032
v    -0.531324     0.773981     0.074835
v    -0.542249     0.763934     0.105075
v    -0.543497     0.766679     0.065865
v    -0.559608     0.753457     0.065865
v    -0.560577     0.752488     0.067672
v    -0.561096     0.751900     0.068049
v    -0.569765     0.738019     0.096376
v    -0.575844     0.733748     0.069602
v    -0.575027     0.733466     0.080498
v    -0.574354     0.735745     0.068049
v    -0.578724     0.724257     0.094316
v    -0.584000     0.718634     0.068723
v    -0.577124     0.731498     0.068723
v    -0.585080     0.716284     0.066734
v    -0.587724     0.709985     0.058589
v    -0.590290     0.702026     0.056899
v    -0.592839     0.693625     0.056899
v    -0.602859     0.645979     0.015614
v    -0.609952     0.605967    -0.007325
v    -0.600762     0.657391     0.022817
v    -0.621955     0.531158    -0.054390
v    -0.624079     0.510951    -0.055747
v    -0.625068     0.500909    -0.055747
v    -0.622856     0.309528    -0.224665
v    -0.621726     0.285359    -0.237366
v    -0.613628     0.203133    -0.237366
v    -0.609397     0.162875    -0.234662
v    -0.603341     0.125134    -0.210918
v    -0.625068     0.419973    -0.136684
v    -0.560702    -0.115398    -0.073020
v    -0.556373    -0.138953    -0.058152
v    -0.524609    -0.269635     0.029346
v    -0.495628    -0.359510     0.048428
v    -0.480845    -0.399024     0.079481
v    -0.467739    -0.429546     0.098249
v    -0.426759    -0.512542     0.136376
v    -0.417522    -0.528771     0.142721
v    -0.331428    -0.659535     0.123601
v    -0.264260    -0.735662     0.114313
v    -0.285451    -0.714470     0.114313
v    -0.261279    -0.738291     0.112405
v    -0.240548    -0.755305     0.112405
v    -0.239892    -0.755746     0.113421
v    -0.224504    -0.764504     0.119436
v    -0.220880    -0.766441     0.119436
v    -0.077457    -0.822091     0.212518
v    -0.063021    -0.826470     0.212518
v    -0.029411    -0.833819     0.244131
v     0.016782    -0.838998     0.250525
v     0.107128    -0.844551     0.216560
v     0.111011    -0.844169     0.216560
v     0.111266    -0.843534     0.222744
v     0.113100    -0.841586     0.238200
v     0.128224    -0.838614     0.220257
v     0.114376    -0.843477     0.212904
v     0.122536    -0.841002     0.212904
v     0.134679    -0.835649     0.225722
v     0.164384    -0.819618     0.227452
v     0.159960    -0.822136     0.225722
v     0.249091    -0.762545     0.202017
v     0.432462    -0.605069     0.129320
v     0.438483    -0.599465     0.127054
v     0.603446    -0.418191     0.038406
v     0.736358    -0.249942    -0.053977
v     0.771402    -0.198508    -0.096826
v     0.783416    -0.177400    -0.105078
v     0.795799    -0.151140    -0.123719
v     0.797722    -0.146559    -0.129643
v     0.799399    -0.141359    -0.130747
v     0.802043    -0.132641    -0.130747
v     0.802580    -0.130185    -0.133057
v     0.805571    -0.115631    -0.148870
v     0.805437    -0.081810    -0.184049
v     0.802753    -0.068389    -0.197884
v     0.801555    -0.063515    -0.203644
v     0.786220     0.006404    -0.224860
v     0.785228     0.009406    -0.225763
v     0.782909     0.017588    -0.223959
v     0.771699     0.049623    -0.223959
v     0.756368     0.083603    -0.227401
v     0.742448     0.109456    -0.228536
v     0.740460     0.113441    -0.226943
v     0.702286     0.174194    -0.226943
v     0.506952     0.456283    -0.158868
v     0.467636     0.505182    -0.133813
v     0.458040     0.515724    -0.128671
v     0.406062     0.571301    -0.092539
v     0.372676     0.601414    -0.064298
v     0.363474     0.607197    -0.064298
v     0.332667     0.631222    -0.033440
v     0.309264     0.645535    -0.013111
v     0.332643     0.631236    -0.033430
v     0.190021     0.687260    -0.013111
v     0.122271     0.711295     0.025571
v     0.178720     0.690464    -0.015604
v    -0.020521     0.725948     0.012832
v    -0.283267     0.755553     0.012832
v    -0.436295     0.769581     0.002239
v    -0.483265     0.778976     0.050656
v    -0.483268     0.778981     0.050699
v    -0.521306     0.774690     0.050656
v    -0.521604     0.775136     0.054916
v    -0.531372     0.773217     0.066503
v    -0.529829     0.770206     0.039039
v    -0.535120     0.768354     0.039039
v    -0.535724     0.769132     0.046692
v    -0.543296     0.766093     0.058052
v    -0.538436     0.765339     0.032879
v    -0.546753     0.760113     0.032879
v    -0.548143     0.759577     0.035113
v    -0.548549     0.760020     0.039729
v    -0.559397     0.753246     0.061866
v    -0.559158     0.748563     0.035113
v    -0.564604     0.744908     0.044849
v    -0.567594     0.741594     0.047653
v    -0.582761     0.717455     0.047653
v    -0.585085     0.712797     0.045791
v    -0.594327     0.681488     0.032532
v    -0.585754     0.708732     0.039963
v    -0.624079     0.454236    -0.112463
v    -0.621725     0.523259    -0.064333
v    -0.613841     0.245936    -0.278003
v    -0.613628     0.243609    -0.277842
v    -0.609045     0.202935    -0.277842
v    -0.608409     0.196739    -0.277289
v    -0.533344    -0.225189    -0.023386
v    -0.500614    -0.329208     0.004985
v    -0.428566    -0.508040     0.129622
v    -0.286229    -0.713225     0.111773
v    -0.327026    -0.664415     0.119473
v    -0.267202    -0.729473     0.096671
v    -0.253570    -0.743106     0.096671
v    -0.244902    -0.749697     0.091244
v    -0.240406    -0.754894     0.106923
v    -0.226290    -0.758027     0.068998
v    -0.227789    -0.759958     0.087992
v    -0.231062    -0.755029     0.068998
v    -0.112668    -0.796423     0.058460
v    -0.101523    -0.802286     0.073650
v    -0.218939    -0.759237     0.058460
v    -0.076889    -0.811742     0.095671
v     0.090986    -0.830657     0.095670
v     0.094179    -0.831442     0.099445
v     0.100286    -0.833819     0.114433
v     0.104029    -0.835233     0.125048
v     0.107128    -0.840084     0.171200
v     0.101736    -0.834277     0.117642
v     0.115740    -0.840084     0.179812
v     0.113785    -0.836822     0.148911
v     0.115872    -0.839944     0.178702
v     0.122684    -0.838605     0.186784
v     0.124752    -0.835018     0.164634
v     0.125492    -0.835970     0.174005
v     0.259810    -0.750155     0.164634
v     0.271548    -0.739568     0.154705
v     0.533856    -0.487781     0.038406
v     0.774121    -0.191449    -0.108171
v     0.787390    -0.167501    -0.119931
v     0.790967    -0.159966    -0.125007
v     0.797585    -0.146705    -0.130307
v     0.801383    -0.123619    -0.163404
v     0.803885    -0.116470    -0.163404
v     0.804243    -0.116709    -0.159991
v     0.805250    -0.115760    -0.151996
v     0.803410    -0.100181    -0.183908
v     0.805250    -0.083848    -0.183908
v     0.797682    -0.063515    -0.216410
v     0.793587    -0.054064    -0.226399
v     0.793113    -0.048657    -0.225955
v     0.787191    -0.003679    -0.225955
v     0.776569     0.024779    -0.236655
v     0.772087     0.041344    -0.232289
v     0.760809     0.068571    -0.232289
v     0.734058     0.120745    -0.232544
v     0.705485     0.167469    -0.230115
v     0.611518     0.308508    -0.207054
v     0.591445     0.341571    -0.194857
v     0.493016     0.470219    -0.158868
v     0.379868     0.577132    -0.125392
v     0.382715     0.573523    -0.128671
v     0.374990     0.580757    -0.123660
v     0.343231     0.590142    -0.133988
v     0.232709     0.635922    -0.133988
v     0.193055     0.646650    -0.144439
v    -0.163982     0.680606    -0.184538
v    -0.250142     0.691949    -0.184538
v     0.192391     0.646460    -0.145292
v     0.168319     0.648606    -0.148436
v    -0.388054     0.704053    -0.195861
v    -0.430274     0.722346    -0.151238
v    -0.436295     0.743233    -0.084618
v    -0.529242     0.756996    -0.004725
v    -0.530192     0.758297    -0.000083
v    -0.465449     0.717715    -0.151238
v    -0.489509     0.724619    -0.120292
v    -0.514229     0.738831    -0.066618
v    -0.523859     0.745209    -0.043122
v    -0.536281     0.758012     0.006044
v    -0.530529     0.747359    -0.029664
v    -0.536904     0.756581     0.002833
v    -0.543246     0.755170     0.010786
v    -0.537605     0.746365    -0.019451
v    -0.544097     0.752856     0.006963
v    -0.558000     0.747741     0.029937
v    -0.561231     0.715576    -0.019451
v    -0.564636     0.717930    -0.007452
v    -0.560534     0.708238    -0.029687
v    -0.577976     0.649211    -0.048882
v    -0.605865     0.581882    -0.048882
v    -0.607796     0.256361    -0.292692
v    -0.609285     0.245049    -0.292692
v    -0.612364     0.245936    -0.282872
v    -0.620426     0.300382    -0.236073
v    -0.604459     0.233910    -0.304466
v    -0.601837     0.229069    -0.310562
v    -0.598467     0.203464    -0.310562
v    -0.601084     0.194342    -0.298829
v    -0.569805     0.078731    -0.268360
v    -0.409377    -0.359827    -0.210208
v    -0.410208    -0.368585    -0.197992
v    -0.462219    -0.181006    -0.268360
v    -0.377640    -0.437039    -0.165706
v    -0.173631    -0.702909    -0.165706
v    -0.211189    -0.740466    -0.012876
v    -0.214032    -0.742553    -0.002643
v    -0.224165    -0.745309     0.025556
v    -0.169536    -0.703484    -0.171617
v    -0.183894    -0.724254    -0.098427
v    -0.169003    -0.703312    -0.172692
v    -0.143746    -0.700914    -0.207922
v    -0.125339    -0.708538    -0.207922
v    -0.133595    -0.726613    -0.149041
v    -0.112864    -0.789974     0.037275
v    -0.119592    -0.706889    -0.215315
v    -0.112069    -0.707613    -0.216132
v    -0.031363    -0.718238    -0.216132
v    -0.001481    -0.725772    -0.205072
v     0.040504    -0.739301    -0.180483
v     0.074420    -0.757666    -0.137772
v     0.078626    -0.761620    -0.127321
v     0.080991    -0.763450    -0.122168
v     0.090986    -0.798124    -0.011576
v     0.094811    -0.810733     0.031414
v     0.093206    -0.798453    -0.009668
v     0.081951    -0.763725    -0.120933
v     0.093323    -0.788624    -0.039822
v     0.097849    -0.778233    -0.063151
v     0.086513    -0.761836    -0.120933
v     0.094084    -0.745546    -0.145063
v     0.115934    -0.717849    -0.170231
v     0.580314    -0.361519    -0.170231
v     0.713854    -0.219303    -0.192910
v     0.729720    -0.207786    -0.181540
v     0.603286    -0.329871    -0.192910
v     0.796161    -0.121199    -0.181540
v     0.799138    -0.123258    -0.171048
v     0.799547    -0.123079    -0.170129
v     0.794755    -0.106397    -0.202188
v     0.797572    -0.099594    -0.202188
v     0.800584    -0.100970    -0.192376
v     0.802951    -0.100195    -0.185416
v     0.794412    -0.088581    -0.216353
v     0.797622    -0.064203    -0.216353
v     0.782268    -0.054064    -0.247576
v     0.781914    -0.053982    -0.248218
v     0.780083    -0.031576    -0.246125
v     0.776136    -0.006654    -0.246125
v     0.773400     0.025335    -0.242047
v     0.765940     0.035213    -0.248224
v     0.760316     0.057718    -0.241443
v     0.740537     0.096535    -0.241443
v     0.698186     0.175604    -0.231825
v     0.696906     0.177473    -0.231575
v     0.613367     0.304357    -0.209215
v     0.511221     0.433975    -0.180351
v     0.487424     0.470878    -0.164743
v     0.547647     0.385369    -0.194857
v     0.463170     0.491532    -0.161437
v     0.387348     0.559567    -0.145496
v     0.384923     0.563016    -0.142926
v     0.332633     0.589660    -0.142926
v     0.323683     0.591897    -0.145623
v     0.194256     0.645507    -0.145623
v     0.094303     0.654516    -0.158609
v    -0.124966     0.673270    -0.186561
v    -0.134019     0.674267    -0.187325
v    -0.166605     0.678262    -0.189366
v    -0.170659     0.678904    -0.189366
v    -0.383867     0.696328    -0.209282
v    -0.388054     0.699148    -0.205038
v    -0.403224     0.697908    -0.203621
v    -0.464896     0.713623    -0.159031
v    -0.465190     0.714065    -0.158131
v    -0.422643     0.694832    -0.203621
v    -0.442681     0.693119    -0.201067
v    -0.459572     0.702135    -0.180609
v    -0.476783     0.714592    -0.148354
v    -0.488540     0.722469    -0.124972
v    -0.463115     0.700329    -0.180609
v    -0.466240     0.701216    -0.176842
v    -0.496720     0.721505    -0.116378
v    -0.496992     0.721595    -0.115895
v    -0.468328     0.699128    -0.176842
v    -0.457883     0.662309    -0.221218
v    -0.458781     0.632709    -0.242770
v    -0.498945     0.482634    -0.297932
v    -0.564538     0.353899    -0.297932
v    -0.588588     0.257678    -0.326928
v    -0.599463     0.255771    -0.308427
v    -0.579650     0.240934    -0.347208
v    -0.581839     0.227112    -0.347208
v    -0.584199     0.227112    -0.343080
v    -0.592659     0.229069    -0.327733
v    -0.590073     0.204059    -0.326412
v    -0.564623     0.207655    -0.371942
v    -0.563310     0.199365    -0.371942
v    -0.452466     0.033310    -0.449103
v    -0.539794     0.173813    -0.395664
v    -0.505538     0.128446    -0.424035
v    -0.471699     0.070946    -0.442419
v    -0.308559    -0.237599    -0.458026
v    -0.267888    -0.389568    -0.402168
v    -0.433221     0.007065    -0.458025
v    -0.252140    -0.409516    -0.402882
v    -0.230128    -0.455438    -0.381489
v    -0.160336    -0.612109    -0.299918
v    -0.159910    -0.613432    -0.298966
v    -0.151393    -0.685703    -0.223037
v    -0.258068    -0.400512    -0.404469
v    -0.139026    -0.657579    -0.271260
v    -0.137927    -0.679474    -0.246491
v    -0.143563    -0.686625    -0.231263
v    -0.141574    -0.696091    -0.218421
v    -0.123159    -0.686999    -0.246491
v    -0.121616    -0.689149    -0.244420
v    -0.120155    -0.691970    -0.241263
v    -0.121645    -0.695184    -0.235228
v    -0.079735    -0.699374    -0.239510
v    -0.082911    -0.697869    -0.241263
v     0.041724    -0.739201    -0.180369
v     0.073689    -0.747346    -0.157258
v     0.074164    -0.744640    -0.161863
v     0.061743    -0.736031    -0.180369
v     0.069852    -0.735337    -0.179336
v     0.081618    -0.718942    -0.195138
v     0.119793    -0.699491    -0.195138
v     0.173088    -0.623673    -0.251631
v     0.262846    -0.517880    -0.311353
v     0.446147    -0.353404    -0.349892
v     0.461454    -0.346585    -0.341922
v     0.672814    -0.154104    -0.319439
v     0.724414    -0.129694    -0.287056
v     0.619654    -0.188385    -0.341922
v     0.754401    -0.107478    -0.266123
v     0.783552    -0.101350    -0.226573
v     0.727176    -0.126615    -0.286408
v     0.771640    -0.087895    -0.255090
v     0.775139    -0.086083    -0.251177
v     0.783024    -0.089738    -0.236366
v     0.760194    -0.096109    -0.266123
v     0.791001    -0.088339    -0.222795
v     0.779854    -0.056310    -0.251177
v     0.772991    -0.056310    -0.259539
v     0.770559    -0.023781    -0.256226
v     0.766627    -0.004017    -0.256226
v     0.763835     0.035422    -0.250545
v     0.749758     0.050728    -0.257833
v     0.740203     0.092772    -0.244057
v     0.716046     0.128926    -0.244057
v     0.578173     0.339552    -0.209215
v     0.439358     0.507443    -0.161437
v     0.381675     0.559063    -0.149437
v    -0.075726     0.666556    -0.183098
v    -0.383867     0.694509    -0.211499
v    -0.386727     0.691948    -0.214068
v    -0.388653     0.691001    -0.214850
v    -0.406726     0.689649    -0.213009
v    -0.441094     0.682813    -0.213009
v    -0.443293     0.686957    -0.207857
v    -0.455249     0.688020    -0.199552
v    -0.445793     0.672173    -0.219892
v    -0.456762     0.664843    -0.219892
v    -0.441157     0.682517    -0.213241
v    -0.465653     0.555972    -0.283515
v    -0.494773     0.435701    -0.330536
v    -0.458089     0.630467    -0.244780
v    -0.496130     0.424123    -0.335809
v    -0.535188     0.252271    -0.392119
v    -0.544864     0.241750    -0.387109
v    -0.568828     0.239370    -0.360698
v    -0.545282     0.235854    -0.387958
v    -0.551218     0.206010    -0.387958
v    -0.558501     0.207655    -0.379402
v    -0.535152     0.188068    -0.404072
v    -0.532965     0.186351    -0.406147
v    -0.509576     0.148748    -0.424035
v    -0.369856    -0.078443    -0.481007
v    -0.326727    -0.154619    -0.486017
v    -0.308364    -0.235414    -0.459544
v    -0.423440    -0.003570    -0.463089
v    -0.291314    -0.263203    -0.458152
v    -0.293346    -0.257890    -0.459544
v    -0.196815    -0.520985    -0.351224
v    -0.161001    -0.601922    -0.308859
v    -0.152330    -0.607715    -0.308859
v    -0.137017    -0.641891    -0.286888
v    -0.133737    -0.657109    -0.274934
v    -0.125041    -0.668056    -0.267369
v    -0.100374    -0.682232    -0.256948
v    -0.108996    -0.671248    -0.267369
v     0.024315    -0.723843    -0.202444
v     0.082277    -0.712313    -0.202444
v     0.097381    -0.693301    -0.215581
v     0.271498    -0.498570    -0.323767
v     0.331018    -0.425565    -0.354265
v     0.446473    -0.348420    -0.354265
v     0.465639    -0.305106    -0.376937
v     0.524923    -0.245822    -0.376937
v     0.594282    -0.199612    -0.355203
v     0.726577    -0.119870    -0.291094
v     0.676972    -0.147880    -0.319439
v     0.692720    -0.135041    -0.312860
v     0.732286    -0.113662    -0.288138
v     0.753551    -0.096769    -0.273444
v     0.760873    -0.068653    -0.271499
v     0.764458    -0.065839    -0.268098
v     0.758330    -0.072742    -0.273444
v     0.758019    -0.027856    -0.267182
v     0.750506     0.000181    -0.267182
v     0.747702     0.050813    -0.259319
v     0.729750     0.068373    -0.263940
v     0.592374     0.282005    -0.231575
v    -0.047052     0.658873    -0.183098
v    -0.407817     0.670478    -0.228564
v    -0.414902     0.658230    -0.236126
v    -0.446731     0.649701    -0.236126
v    -0.464752     0.537974    -0.293264
v    -0.495290     0.414226    -0.341347
v    -0.497540     0.394330    -0.349555
v    -0.522619     0.283523    -0.385941
v    -0.532361     0.252389    -0.394161
v    -0.527975     0.227725    -0.402194
v    -0.528898     0.211055    -0.404783
v    -0.532062     0.199246    -0.404783
v    -0.469120     0.078088    -0.445702
v    -0.506289     0.145678    -0.426231
v    -0.473976     0.087815    -0.443304
v    -0.428001     0.013452    -0.463089
v    -0.313874    -0.167191    -0.489326
v    -0.281818    -0.272698    -0.458152
v    -0.251451    -0.395750    -0.410339
v    -0.152842    -0.595450    -0.317720
v    -0.106007    -0.607999    -0.317720
v    -0.106007    -0.619859    -0.309055
v    -0.108996    -0.631773    -0.299766
v    -0.100340    -0.598203    -0.323768
v     0.339763    -0.410756    -0.360928
v     0.443111    -0.305101    -0.388128
v     0.449239    -0.303714    -0.386115
v     0.501302    -0.251651    -0.386115
v     0.616936    -0.183332    -0.346451
v     0.595266    -0.198650    -0.354950
v     0.711141    -0.110886    -0.304130
v     0.727803    -0.101247    -0.293844
v     0.695963    -0.122939    -0.312860
v     0.682093    -0.127313    -0.319647
v     0.602831     0.064040    -0.319647
v     0.602081     0.064345    -0.319837
v     0.586275     0.103346    -0.309992
v    -0.417226     0.519009    -0.309992
v    -0.417226     0.521129    -0.309075
v    -0.414902     0.528497    -0.305469
v    -0.487888     0.352567    -0.369361
v    -0.496000     0.349207    -0.369361
v    -0.500706     0.160221    -0.426098
v    -0.506189     0.146983    -0.426098
v    -0.378743    -0.055749    -0.479508
v    -0.368415    -0.074378    -0.482360
v    -0.414857    -0.002361    -0.467850
v    -0.333390    -0.116533    -0.489961
v    -0.312428    -0.167142    -0.489961
v    -0.286313    -0.190241    -0.491241
v    -0.279571    -0.206878    -0.487041
v    -0.307359    -0.169196    -0.491241
v    -0.104206    -0.279517    -0.487041
v    -0.090646    -0.311456    -0.475649
v    -0.100340    -0.342192    -0.460608
v     0.033059    -0.302052    -0.462958
v     0.442129    -0.276350    -0.400747
v     0.059034    -0.291293    -0.462958
v     0.219810    -0.282395    -0.437986
v     0.444961    -0.274377    -0.400383
v     0.501057    -0.251643    -0.386223
v     0.507589    -0.235872    -0.386223
v     0.474511    -0.235872    -0.396257
v     0.541332     0.003596    -0.345898
v     0.461085    -0.242303    -0.399522
v    -0.068314    -0.253406    -0.488390
v    -0.082508    -0.249847    -0.490138
v    -0.144559    -0.187795    -0.490138
v    -0.247321    -0.174172    -0.498918
v    -0.294528    -0.147840    -0.496862
v    -0.294638    -0.147772    -0.496855
v    -0.487888     0.150118    -0.430773
v    -0.491655     0.151169    -0.429981
v    -0.300939    -0.146192    -0.496078
v    -0.259585    -0.182783    -0.496862
v    -0.121008    -0.249847    -0.493930
v    -0.104206    -0.268231    -0.490465
v    -0.235519    -0.185973    -0.498918
v    -0.008855    -0.272350    -0.477234
v    -0.062967    -0.262764    -0.486942
f      1      2      3
f      1      3      4
f      5      2      1
f      5      1      6
f      5      6      7
f      8      9     10
f      8     10     11
f     11     10     12
f     13      4      3
f     13      3      8
f     13      8     11
f     13     11     12
f     13     12     14
f     15      6      1
f     15      1      4
f     15      4     13
f     15     13     16
f     17      7      6
f     17      6     15
f     18     19     20
f     18     20     21
f     18     21     22
f     23     21     20
f     23     20     24
f     23     24      5
f     23      5      7
f     23      7     17
f     25     24     20
f     25     20     19
f     25     19     26
f     27     28     29
f     27     29     30
f     27     30     31
f     27     31      9
f     27      9      8
f     27      8      3
f     27      3      2
f     27      2      5
f     27      5     24
f     27     24     25
f     32     33     34
f     32     34     35
f     32     35     30
f     32     30     29
f     36     37     38
f     36     38     39
f     36     39     33
f     36     33     32
f     34     33     39
f     34     39     40
f     34     40     41
f     31     30     35
f     31     35     42
f     14     12     10
f     14     10      9
f     14      9     31
f     14     31     42
f     14     42     43
f     14     43     44
f     45     46     47
f     45     47     48
f     45     48     49
f     45     49     50
f     45     50     51
f     45     51     52
f     45     52     53
f     45     53     54
f     55     16     13
f     55     13     14
f     55     14     44
f     55     44     47
f     55     47     46
f     55     46     56
f     55     56     57
f     55     57     58
f     59     60     61
f     59     61     55
f     59     55     58
f     59     58     62
f     59     62     63
f     61     64     23
f     61     23     17
f     61     17     15
f     61     15     16
f     61     16     55
f     22     21     23
f     22     23     64
f     22     64     65
f     66     67     68
f     66     68     69
f     66     69     70
f     68     26     19
f     68     19     18
f     68     18     69
f     71     72     73
f     71     73     74
f     71     74     75
f     71     75     76
f     73     77     27
f     73     27     25
f     73     25     26
f     73     26     68
f     73     68     67
f     73     67     74
f     78     79     80
f     78     80     81
f     78     81     77
f     78     77     73
f     78     73     72
f     81     82     83
f     81     83     84
f     81     84     85
f     81     85     86
f     81     86     28
f     81     28     27
f     81     27     77
f     87     88     89
f     87     89     90
f     87     90     91
f     87     91     92
f     87     92     93
f     87     93     36
f     87     36     32
f     87     32     29
f     87     29     28
f     87     28     86
f     87     86     94
f     93     95     96
f     93     96     97
f     93     97     98
f     93     98     37
f     93     37     36
f     98     99    100
f     98    100     38
f     98     38     37
f     97    101    102
f     97    102     99
f     97     99     98
f    103    100     99
f    103     99    102
f    103    102    104
f     38    100    103
f     38    103    105
f     38    105     40
f     38     40     39
f     41     40    105
f     41    105    106
f     41    106    107
f     42     35     34
f     42     34     41
f     42     41    107
f     42    107    108
f     42    108     43
f     44     43    108
f     44    108    109
f     44    109    110
f     44    110    111
f     44    111     48
f     44     48     47
f     50    112    113
f     50    113     51
f     52     51    113
f     52    113    114
f     52    114    115
f    116     57     56
f    116     56    117
f     58     57    116
f     58    116    118
f     58    118    119
f     58    119    120
f     58    120     62
f     63     62    120
f     63    120    121
f     63    121    122
f    123     65     64
f    123     64     61
f    123     61     60
f     70     69     18
f     70     18     22
f     70     22     65
f     70     65    123
f     70    123    124
f    125     76     75
f    125     75    126
f    125    126    127
f     75     74     67
f     75     67     66
f     75     66    126
f    128    129    130
f    128    130    131
f    128    131    132
f    131    130     78
f    131     78     72
f    131     72     71
f    133    134     79
f    133     79     78
f    133     78    130
f    133    130    129
f    135    136    137
f    135    137     80
f    135     80     79
f    135     79    134
f     80    137    138
f     80    138    139
f     80    139    140
f     80    140     82
f     80     82     81
f     83     82    140
f     83    140    141
f     94     86     85
f     94     85    142
f     90    143    144
f     90    144     91
f     92    145    146
f     92    146     95
f     92     95     93
f    146    147    148
f    146    148    149
f    146    149     96
f    146     96     95
f     96    149    150
f     96    150    151
f     96    151    101
f     96    101     97
f    150    152    153
f    150    153    154
f    150    154    155
f    150    155    151
f    155    154    156
f    155    156    157
f    155    157    158
f    104    102    101
f    104    101    151
f    104    151    155
f    104    155    158
f    104    158    159
f    159    158    157
f    159    157    160
f    159    160    161
f    159    161    162
f    106    105    103
f    106    103    104
f    106    104    159
f    106    159    162
f    106    162    163
f    106    163    164
f    108    107    106
f    108    106    164
f    108    164    165
f    108    165    109
f     48    111    166
f     48    166    167
f     48    167     49
f     49    167    168
f     49    168    169
f     49    169    170
f     49    170    171
f     49    171    172
f     49    172    112
f     49    112     50
f    173    172    171
f    173    171    174
f    173    174    175
f    114    113    112
f    114    112    172
f    114    172    173
f    114    173    176
f    177     54     53
f    177     53    178
f    117     56     46
f    117     46     45
f    179    119    118
f    179    118    180
f    120    119    179
f    120    179    181
f    120    181    182
f    120    182    121
f    122    121    182
f    122    182    183
f    122    183    184
f    185    124    123
f    185    123     60
f    185     60     59
f    127    126     66
f    127     66     70
f    127     70    124
f    127    124    185
f    127    185    186
f    187    188    189
f    187    189    128
f    187    128    132
f    187    132    190
f    190    132    131
f    190    131     71
f    190     71     76
f    190     76    125
f    191    192    193
f    191    193    194
f    191    194    189
f    191    189    188
f    189    194    195
f    189    195    133
f    189    133    129
f    189    129    128
f    193    196    197
f    193    197    198
f    193    198    195
f    193    195    194
f    195    198    135
f    195    135    134
f    195    134    133
f    199    200    136
f    199    136    135
f    199    135    198
f    199    198    197
f    199    197    201
f    199    201    202
f    138    137    136
f    138    136    200
f    138    200    203
f    204    139    138
f    204    138    203
f    204    203    205
f    204    205    206
f    207    141    140
f    207    140    139
f    207    139    204
f    142     85     84
f    142     84    208
f    209    210     89
f    209     89     88
f     89    210    211
f     89    211    212
f     89    212    143
f     89    143     90
f     91    144    213
f     91    213    214
f     91    214    145
f     91    145     92
f    214    215    216
f    214    216    147
f    214    147    146
f    214    146    145
f    216    217    218
f    216    218    219
f    216    219    148
f    216    148    147
f    148    219    220
f    148    220    152
f    148    152    150
f    148    150    149
f    220    221    222
f    220    222    153
f    220    153    152
f    153    222    223
f    153    223    224
f    153    224    225
f    153    225    156
f    153    156    154
f    157    156    225
f    157    225    226
f    157    226    160
f    160    226    227
f    160    227    228
f    160    228    229
f    160    229    161
f    162    161    229
f    162    229    230
f    162    230    163
f    164    163    230
f    164    230    231
f    164    231    232
f    164    232    233
f    164    233    234
f    164    234    165
f    109    165    234
f    109    234    235
f    109    235    236
f    109    236    237
f    109    237    238
f    109    238    110
f    110    238    239
f    110    239    166
f    110    166    111
f    169    240    170
f    171    170    240
f    171    240    241
f    171    241    242
f    171    242    243
f    171    243    174
f    244    243    242
f    244    242    245
f    244    245    246
f    175    174    243
f    175    243    244
f    247    115    114
f    247    114    176
f    247    176    248
f    178     53     52
f    178     52    115
f    178    115    247
f    249    180    118
f    249    118    116
f    249    116    117
f    249    117     45
f    249     45     54
f    249     54    177
f    249    177    250
f    251    252    181
f    251    181    179
f    251    179    180
f    251    180    249
f    253    252    251
f    253    251    254
f    253    254    255
f    253    255    256
f    183    182    181
f    183    181    252
f    183    252    253
f    257    184    183
f    257    183    253
f    257    253    256
f    257    256    258
f    259    186    185
f    259    185     59
f    259     59     63
f    259     63    122
f    259    122    184
f    259    184    257
f    259    257    260
f    261    262    187
f    261    187    190
f    261    190    125
f    261    125    127
f    261    127    186
f    261    186    259
f    261    259    263
f    264    265    266
f    264    266    262
f    264    262    261
f    266    267    191
f    266    191    188
f    266    188    187
f    266    187    262
f    268    269    270
f    268    270    271
f    268    271    267
f    268    267    266
f    268    266    265
f    271    272    192
f    271    192    191
f    271    191    267
f    270    273    274
f    270    274    275
f    270    275    272
f    270    272    271
f    275    276    196
f    275    196    193
f    275    193    192
f    275    192    272
f    274    277    278
f    274    278    279
f    274    279    280
f    274    280    276
f    274    276    275
f    280    201    197
f    280    197    196
f    280    196    276
f    202    201    280
f    202    280    279
f    205    203    200
f    205    200    199
f    205    199    281
f    282    206    205
f    282    205    281
f    282    281    283
f    284    285    207
f    284    207    204
f    284    204    206
f    284    206    282
f    208     84     83
f    208     83    141
f    208    141    207
f    208    207    285
f    286    287    288
f    286    288    209
f    286    209     88
f    286     88     87
f    288    289    211
f    288    211    210
f    288    210    209
f    290    291    292
f    290    292    293
f    290    293    212
f    290    212    211
f    290    211    289
f    212    293    294
f    212    294    295
f    212    295    296
f    212    296    297
f    212    297    213
f    212    213    144
f    212    144    143
f    213    297    298
f    213    298    299
f    213    299    300
f    213    300    301
f    213    301    302
f    213    302    215
f    213    215    214
f    302    303    217
f    302    217    216
f    302    216    215
f    304    305    306
f    304    306    307
f    304    307    218
f    304    218    217
f    304    217    303
f    218    307    308
f    218    308    221
f    218    221    220
f    218    220    219
f    308    309    310
f    308    310    223
f    308    223    222
f    308    222    221
f    311    312    224
f    311    224    223
f    311    223    310
f    311    310    313
f    225    224    312
f    225    312    314
f    225    314    227
f    225    227    226
f    228    227    314
f    228    314    315
f    228    315    316
f    228    316    317
f    230    229    228
f    230    228    317
f    230    317    318
f    230    318    319
f    230    319    231
f    231    319    320
f    231    320    232
f    234    233    321
f    234    321    235
f    237    322    323
f    237    323    324
f    237    324    325
f    237    325    239
f    237    239    238
f    166    239    325
f    166    325    326
f    166    326    327
f    166    327    328
f    166    328    329
f    166    329    330
f    166    330    168
f    166    168    167
f    331    241    240
f    331    240    169
f    331    169    168
f    331    168    330
f    331    330    332
f    331    332    333
f    331    333    334
f    331    334    335
f    331    335    336
f    242    241    331
f    242    331    245
f    246    245    331
f    246    331    336
f    246    336    337
f    338    339    340
f    338    340    341
f    338    341    342
f    338    342    343
f    337    336    335
f    337    335    339
f    337    339    338
f    337    338    344
f    345    344    338
f    345    338    343
f    345    343    346
f    345    346    347
f    345    347    348
f    248    176    173
f    248    173    175
f    248    175    244
f    248    244    246
f    248    246    337
f    248    337    344
f    248    344    345
f    349    350    351
f    349    351    250
f    349    250    177
f    349    177    178
f    349    178    247
f    349    247    248
f    349    248    345
f    349    345    348
f    349    348    352
f    349    352    353
f    349    353    354
f    349    354    355
f    356    254    251
f    356    251    249
f    356    249    250
f    356    250    351
f    356    351    357
f    356    357    358
f    356    358    359
f    360    361    362
f    360    362    356
f    360    356    359
f    360    359    363
f    360    363    364
f    365    255    254
f    365    254    356
f    365    356    362
f    366    367    365
f    366    365    362
f    366    362    361
f    366    361    368
f    258    256    255
f    258    255    365
f    258    365    367
f    369    260    257
f    369    257    258
f    369    258    367
f    369    367    366
f    369    366    370
f    371    263    259
f    371    259    260
f    371    260    369
f    371    369    372
f    373    374    375
f    373    375    376
f    373    376    377
f    373    377    264
f    373    264    261
f    373    261    263
f    373    263    371
f    376    378    379
f    376    379    380
f    376    380    377
f    377    380    381
f    377    381    268
f    377    268    265
f    377    265    264
f    379    382    383
f    379    383    381
f    379    381    380
f    381    383    384
f    381    384    269
f    381    269    268
f    385    386    387
f    385    387    384
f    385    384    383
f    385    383    382
f    384    387    388
f    384    388    273
f    384    273    270
f    384    270    269
f    389    390    388
f    389    388    387
f    389    387    386
f    389    386    391
f    388    390    392
f    388    392    277
f    388    277    274
f    388    274    273
f    393    394    395
f    393    395    392
f    393    392    390
f    393    390    389
f    278    277    392
f    278    392    395
f    278    395    396
f    397    396    395
f    397    395    394
f    397    394    398
f    397    398    399
f    283    281    199
f    283    199    202
f    283    202    279
f    283    279    278
f    283    278    396
f    283    396    397
f    283    397    400
f    401    400    397
f    401    397    399
f    401    399    402
f    401    402    403
f    404    405    406
f    404    406    407
f    404    407    284
f    404    284    282
f    404    282    283
f    404    283    400
f    404    400    401
f    407    408    409
f    407    409    410
f    407    410    411
f    407    411    286
f    407    286     87
f    407     87     94
f    407     94    142
f    407    142    208
f    407    208    285
f    407    285    284
f    411    412    413
f    411    413    414
f    411    414    287
f    411    287    286
f    414    415    290
f    414    290    289
f    414    289    288
f    414    288    287
f    416    291    290
f    416    290    415
f    417    294    293
f    417    293    292
f    417    292    418
f    417    418    419
f    420    421    422
f    420    422    296
f    420    296    295
f    420    295    423
f    296    422    424
f    296    424    425
f    296    425    426
f    296    426    298
f    296    298    297
f    298    426    427
f    298    427    428
f    298    428    299
f    301    429    430
f    301    430    304
f    301    304    303
f    301    303    302
f    431    305    304
f    431    304    430
f    431    430    432
f    433    309    308
f    433    308    307
f    433    307    306
f    313    310    309
f    313    309    433
f    313    433    434
f    313    434    435
f    436    437    438
f    436    438    311
f    436    311    313
f    436    313    435
f    436    435    439
f    314    312    311
f    314    311    438
f    314    438    440
f    314    440    315
f    315    440    441
f    315    441    442
f    315    442    316
f    317    316    442
f    317    442    443
f    317    443    444
f    317    444    318
f    318    444    445
f    318    445    446
f    318    446    320
f    318    320    319
f    232    320    446
f    232    446    447
f    232    447    448
f    232    448    321
f    232    321    233
f    236    449    322
f    236    322    237
f    325    324    450
f    325    450    326
f    330    329    451
f    330    451    452
f    330    452    332
f    333    453    454
f    333    454    455
f    333    455    456
f    333    456    334
f    456    455    457
f    456    457    458
f    456    458    459
f    456    459    460
f    456    460    461
f    456    461    462
f    335    334    456
f    335    456    462
f    335    462    340
f    335    340    339
f    340    462    461
f    340    461    341
f    463    464    465
f    463    465    466
f    343    342    467
f    343    467    463
f    343    463    466
f    343    466    468
f    343    468    346
f    346    468    469
f    346    469    470
f    346    470    471
f    346    471    472
f    346    472    473
f    346    473    347
f    348    347    473
f    348    473    474
f    348    474    475
f    348    475    352
f    352    475    476
f    352    476    477
f    352    477    478
f    352    478    353
f    353    478    479
f    353    479    480
f    353    480    481
f    353    481    354
f    482    483    357
f    482    357    351
f    482    351    350
f    482    350    484
f    482    484    485
f    482    485    486
f    358    357    483
f    358    483    487
f    358    487    488
f    363    359    358
f    363    358    488
f    363    488    489
f    368    361    360
f    368    360    490
f    368    490    491
f    491    490    492
f    493    370    366
f    493    366    368
f    493    368    491
f    493    491    492
f    493    492    494
f    495    372    369
f    495    369    370
f    495    370    493
f    495    493    496
f    497    498    373
f    497    373    371
f    497    371    372
f    497    372    495
f    499    500    374
f    499    374    373
f    499    373    498
f    501    502    375
f    501    375    374
f    501    374    500
f    375    502    503
f    375    503    378
f    375    378    376
f    504    505    506
f    504    506    503
f    504    503    502
f    504    502    501
f    504    501    507
f    506    508    385
f    506    385    382
f    506    382    379
f    506    379    378
f    506    378    503
f    509    510    508
f    509    508    506
f    509    506    505
f    509    505    511
f    512    391    386
f    512    386    385
f    512    385    508
f    512    508    510
f    513    514    515
f    513    515    512
f    513    512    510
f    513    510    509
f    515    516    517
f    515    517    393
f    515    393    389
f    515    389    391
f    515    391    512
f    518    519    517
f    518    517    516
f    518    516    520
f    517    519    521
f    517    521    398
f    517    398    394
f    517    394    393
f    522    521    519
f    522    519    518
f    522    518    523
f    399    398    521
f    399    521    522
f    399    522    524
f    399    524    402
f    403    402    524
f    403    524    525
f    403    525    526
f    403    526    527
f    528    529    404
f    528    404    401
f    528    401    403
f    528    403    527
f    528    527    530
f    531    532    533
f    531    533    405
f    531    405    404
f    531    404    529
f    534    535    536
f    534    536    537
f    534    537    538
f    534    538    406
f    534    406    405
f    534    405    533
f    534    533    539
f    538    540    541
f    538    541    408
f    538    408    407
f    538    407    406
f    409    542    543
f    409    543    544
f    409    544    410
f    410    544    545
f    410    545    412
f    410    412    411
f    413    546    547
f    413    547    416
f    413    416    415
f    413    415    414
f    547    418    292
f    547    292    291
f    547    291    416
f    548    423    295
f    548    295    294
f    548    294    417
f    549    421    420
f    549    420    550
f    551    552    553
f    551    553    424
f    551    424    422
f    551    422    421
f    551    421    549
f    553    554    425
f    553    425    424
f    427    426    425
f    427    425    554
f    427    554    555
f    300    556    429
f    300    429    301
f    432    430    429
f    432    429    556
f    432    556    557
f    432    557    558
f    559    434    433
f    559    433    306
f    559    306    305
f    559    305    431
f    439    435    434
f    439    434    559
f    560    561    562
f    560    562    437
f    560    437    436
f    562    563    441
f    562    441    440
f    562    440    438
f    562    438    437
f    564    563    562
f    564    562    561
f    564    561    565
f    564    565    566
f    442    441    563
f    442    563    564
f    442    564    567
f    442    567    443
f    568    445    444
f    568    444    443
f    568    443    567
f    568    567    569
f    446    445    568
f    446    568    447
f    235    321    448
f    235    448    570
f    235    570    449
f    235    449    236
f    450    324    323
f    450    323    571
f    450    571    572
f    328    327    573
f    332    452    574
f    332    574    453
f    332    453    333
f    575    576    457
f    575    457    455
f    575    455    454
f    458    577    459
f    460    459    577
f    460    577    578
f    460    578    579
f    460    579    580
f    341    461    460
f    341    460    580
f    341    580    581
f    341    581    467
f    341    467    342
f    467    581    582
f    467    582    464
f    467    464    463
f    466    465    583
f    466    583    584
f    466    584    469
f    466    469    468
f    469    584    585
f    469    585    470
f    473    472    586
f    473    586    587
f    473    587    588
f    473    588    474
f    474    588    589
f    474    589    476
f    474    476    475
f    477    590    591
f    477    591    592
f    477    592    479
f    477    479    478
f    480    479    592
f    480    592    593
f    594    484    350
f    594    350    349
f    486    485    595
f    486    595    596
f    487    483    482
f    487    482    597
f    487    597    598
f    489    488    487
f    489    487    598
f    489    598    599
f    489    599    600
f    601    364    363
f    601    363    489
f    601    489    600
f    601    600    602
f    494    492    490
f    494    490    360
f    494    360    364
f    494    364    601
f    494    601    603
f    604    496    493
f    604    493    494
f    604    494    603
f    604    603    605
f    606    607    497
f    606    497    495
f    606    495    496
f    606    496    604
f    608    609    610
f    608    610    499
f    608    499    498
f    608    498    497
f    608    497    607
f    610    507    501
f    610    501    500
f    610    500    499
f    611    612    504
f    611    504    507
f    611    507    610
f    611    610    609
f    613    511    505
f    613    505    504
f    613    504    612
f    614    615    616
f    614    616    613
f    614    613    612
f    614    612    611
f    616    617    513
f    616    513    509
f    616    509    511
f    616    511    613
f    618    619    620
f    618    620    621
f    618    621    617
f    618    617    616
f    618    616    615
f    621    622    514
f    621    514    513
f    621    513    617
f    620    623    624
f    620    624    622
f    620    622    621
f    625    520    516
f    625    516    515
f    625    515    514
f    625    514    622
f    625    622    624
f    626    523    518
f    626    518    520
f    626    520    625
f    525    524    522
f    525    522    523
f    525    523    626
f    525    626    627
f    628    526    525
f    628    525    627
f    628    627    629
f    530    527    526
f    530    526    628
f    630    532    531
f    630    531    631
f    539    533    532
f    539    532    630
f    632    633    536
f    632    536    535
f    536    633    634
f    536    634    635
f    536    635    537
f    541    636    542
f    541    542    409
f    541    409    408
f    637    543    542
f    637    542    636
f    545    638    546
f    545    546    413
f    545    413    412
f    419    418    547
f    419    547    546
f    419    546    638
f    639    550    420
f    639    420    423
f    639    423    548
f    639    548    640
f    641    642    551
f    641    551    549
f    641    549    550
f    641    550    639
f    643    644    552
f    643    552    551
f    643    551    642
f    645    646    644
f    645    644    643
f    645    643    647
f    555    554    553
f    555    553    552
f    555    552    644
f    555    644    646
f    648    649    428
f    648    428    427
f    648    427    555
f    648    555    646
f    648    646    645
f    648    645    650
f    299    428    649
f    299    649    651
f    299    651    557
f    299    557    556
f    299    556    300
f    558    557    651
f    558    651    652
f    558    652    653
f    558    653    654
f    655    656    560
f    655    560    436
f    655    436    439
f    655    439    559
f    655    559    431
f    655    431    432
f    655    432    558
f    655    558    654
f    655    654    657
f    658    565    561
f    658    561    560
f    658    560    656
f    659    660    658
f    659    658    656
f    659    656    655
f    661    566    565
f    661    565    658
f    661    658    660
f    662    663    661
f    662    661    660
f    662    660    659
f    569    567    564
f    569    564    566
f    569    566    661
f    569    661    663
f    448    447    568
f    448    568    569
f    448    569    663
f    448    663    662
f    448    662    664
f    448    664    570
f    571    323    322
f    571    322    449
f    571    449    570
f    571    570    664
f    571    664    665
f    573    327    326
f    573    326    450
f    573    450    572
f    573    572    666
f    574    452    451
f    667    668    576
f    667    576    575
f    457    576    668
f    457    668    669
f    457    669    670
f    457    670    578
f    457    578    577
f    457    577    458
f    578    670    671
f    578    671    672
f    578    672    673
f    578    673    579
f    580    579    673
f    580    673    674
f    580    674    582
f    580    582    581
f    673    672    675
f    673    675    676
f    673    676    674
f    582    674    676
f    582    676    583
f    582    583    465
f    582    465    464
f    470    585    677
f    470    677    678
f    470    678    679
f    470    679    471
f    471    679    680
f    471    680    586
f    471    586    472
f    587    681    682
f    587    682    589
f    587    589    588
f    476    589    682
f    476    682    683
f    476    683    590
f    476    590    477
f    593    592    591
f    593    591    684
f    593    684    685
f    355    354    481
f    355    481    686
f    355    686    687
f    595    485    484
f    595    484    594
f    595    594    688
f    689    597    482
f    689    482    486
f    689    486    596
f    689    596    690
f    599    598    597
f    599    597    689
f    599    689    691
f    602    600    599
f    602    599    691
f    602    691    692
f    602    692    693
f    605    603    601
f    605    601    602
f    605    602    693
f    605    693    694
f    695    696    606
f    695    606    604
f    695    604    605
f    695    605    694
f    695    694    697
f    695    697    698
f    696    699    700
f    696    700    701
f    696    701    608
f    696    608    607
f    696    607    606
f    701    702    703
f    701    703    614
f    701    614    611
f    701    611    609
f    701    609    608
f    700    704    705
f    700    705    706
f    700    706    707
f    700    707    702
f    700    702    701
f    703    708    618
f    703    618    615
f    703    615    614
f    707    709    710
f    707    710    708
f    707    708    703
f    707    703    702
f    710    711    619
f    710    619    618
f    710    618    708
f    712    713    711
f    712    711    710
f    712    710    709
f    714    623    620
f    714    620    619
f    714    619    711
f    714    711    713
f    715    716    714
f    715    714    713
f    715    713    712
f    629    627    626
f    629    626    625
f    629    625    624
f    629    624    623
f    629    623    714
f    629    714    716
f    717    718    719
f    717    719    528
f    717    528    530
f    717    530    628
f    717    628    629
f    717    629    716
f    717    716    715
f    719    631    531
f    719    531    529
f    719    529    528
f    720    721    722
f    720    722    723
f    723    722    632
f    723    632    535
f    723    535    534
f    724    634    633
f    724    633    632
f    724    632    722
f    724    722    721
f    725    726    727
f    725    727    635
f    725    635    634
f    725    634    724
f    537    635    727
f    537    727    728
f    537    728    540
f    537    540    538
f    729    730    637
f    729    637    636
f    729    636    541
f    729    541    540
f    729    540    728
f    729    728    731
f    732    640    548
f    732    548    417
f    732    417    419
f    732    419    638
f    732    638    545
f    732    545    544
f    732    544    543
f    732    543    637
f    732    637    730
f    733    734    735
f    733    735    736
f    733    736    641
f    733    641    639
f    733    639    640
f    733    640    732
f    736    647    643
f    736    643    642
f    736    642    641
f    737    738    734
f    737    734    733
f    735    650    645
f    735    645    647
f    735    647    736
f    739    740    741
f    739    741    742
f    739    742    738
f    739    738    737
f    742    743    648
f    742    648    650
f    742    650    735
f    742    735    734
f    742    734    738
f    741    744    745
f    741    745    746
f    741    746    747
f    741    747    748
f    741    748    749
f    741    749    750
f    741    750    743
f    741    743    742
f    751    752    652
f    751    652    651
f    751    651    649
f    751    649    648
f    751    648    743
f    751    743    750
f    753    653    652
f    753    652    752
f    753    752    754
f    754    752    751
f    754    751    755
f    754    755    756
f    657    654    653
f    657    653    753
f    757    756    755
f    757    755    758
f    665    664    662
f    665    662    659
f    665    659    655
f    665    655    657
f    665    657    753
f    665    753    754
f    665    754    756
f    665    756    757
f    666    572    571
f    666    571    665
f    666    665    757
f    666    757    758
f    666    758    759
f    666    759    760
f    666    760    761
f    762    763    667
f    762    667    575
f    762    575    454
f    762    454    453
f    762    453    574
f    762    574    451
f    762    451    329
f    762    329    328
f    762    328    573
f    762    573    666
f    762    666    761
f    762    761    764
f    765    766    669
f    765    669    668
f    765    668    667
f    765    667    763
f    767    671    670
f    767    670    669
f    767    669    766
f    768    769    770
f    768    770    767
f    768    767    766
f    768    766    765
f    675    672    671
f    675    671    767
f    675    767    770
f    675    770    771
f    771    770    769
f    771    769    772
f    771    772    773
f    583    676    675
f    583    675    771
f    583    771    773
f    583    773    677
f    583    677    585
f    583    585    584
f    678    774    775
f    678    775    776
f    678    776    680
f    678    680    679
f    586    680    776
f    586    776    777
f    586    777    778
f    586    778    681
f    586    681    587
f    683    682    681
f    683    681    778
f    683    778    779
f    683    779    780
f    684    591    590
f    684    590    683
f    684    683    780
f    684    780    781
f    686    481    480
f    686    480    593
f    686    593    685
f    686    685    782
f    686    782    783
f    686    783    784
f    785    786    688
f    785    688    594
f    785    594    349
f    785    349    355
f    785    355    687
f    785    687    787
f    690    596    595
f    690    595    688
f    690    688    786
f    690    786    788
f    690    788    789
f    690    789    790
f    692    691    689
f    692    689    690
f    692    690    790
f    692    790    791
f    694    693    692
f    694    692    791
f    694    791    792
f    694    792    793
f    694    793    697
f    698    794    795
f    698    795    796
f    698    796    797
f    698    797    798
f    698    798    695
f    695    798    799
f    695    799    800
f    695    800    699
f    695    699    696
f    800    801    802
f    800    802    803
f    800    803    704
f    800    704    700
f    800    700    699
f    804    805    806
f    804    806    802
f    804    802    801
f    803    807    808
f    803    808    705
f    803    705    704
f    802    806    809
f    802    809    810
f    802    810    807
f    802    807    803
f    705    808    811
f    705    811    812
f    705    812    706
f    810    813    811
f    810    811    808
f    810    808    807
f    706    812    717
f    706    717    715
f    706    715    712
f    706    712    709
f    706    709    707
f    811    813    814
f    811    814    815
f    811    815    816
f    811    816    817
f    811    817    718
f    811    718    717
f    811    717    812
f    817    818    819
f    817    819    720
f    817    720    723
f    817    723    534
f    817    534    539
f    817    539    630
f    817    630    631
f    817    631    719
f    817    719    718
f    820    821    822
f    820    822    823
f    820    823    819
f    820    819    818
f    819    823    725
f    819    725    724
f    819    724    721
f    819    721    720
f    822    824    726
f    822    726    725
f    822    725    823
f    825    826    824
f    825    824    822
f    825    822    821
f    827    731    728
f    827    728    727
f    827    727    726
f    827    726    824
f    827    824    826
f    827    826    828
f    827    828    829
f    827    829    830
f    831    832    729
f    831    729    731
f    831    731    827
f    831    827    833
f    834    835    836
f    834    836    837
f    834    837    838
f    834    838    739
f    834    739    737
f    834    737    733
f    834    733    732
f    834    732    730
f    834    730    729
f    834    729    832
f    834    832    839
f    837    840    841
f    837    841    842
f    837    842    838
f    838    842    843
f    838    843    740
f    838    740    739
f    841    844    845
f    841    845    846
f    841    846    847
f    841    847    843
f    841    843    842
f    843    847    744
f    843    744    741
f    843    741    740
f    848    745    744
f    848    744    847
f    848    847    846
f    848    846    849
f    746    745    848
f    749    748    850
f    749    850    851
f    852    851    850
f    852    850    853
f    852    853    854
f    758    755    751
f    758    751    750
f    758    750    749
f    758    749    851
f    758    851    852
f    758    852    759
f    760    759    852
f    760    852    854
f    760    854    855
f    760    855    856
f    764    761    760
f    764    760    856
f    764    856    857
f    764    857    858
f    764    858    859
f    764    859    860
f    861    862    762
f    861    762    764
f    861    764    860
f    861    860    863
f    864    865    768
f    864    768    765
f    864    765    763
f    864    763    762
f    864    762    862
f    864    862    866
f    867    868    869
f    867    869    865
f    867    865    864
f    867    864    870
f    869    871    772
f    869    772    769
f    869    769    768
f    869    768    865
f    775    774    871
f    775    871    869
f    775    869    868
f    775    868    872
f    677    773    772
f    677    772    871
f    677    871    774
f    677    774    678
f    777    776    775
f    777    775    872
f    777    872    873
f    777    873    874
f    779    778    777
f    779    777    874
f    779    874    875
f    779    875    876
f    781    780    779
f    781    779    876
f    781    876    877
f    781    877    878
f    782    685    684
f    782    684    781
f    782    781    878
f    782    878    879
f    787    687    686
f    787    686    784
f    787    784    880
f    789    788    881
f    789    881    882
f    791    790    789
f    791    789    882
f    791    882    792
f    794    883    795
f    797    884    799
f    797    799    798
f    799    884    885
f    799    885    886
f    799    886    887
f    799    887    804
f    799    804    801
f    799    801    800
f    887    888    889
f    887    889    805
f    887    805    804
f    889    890    809
f    889    809    806
f    889    806    805
f    891    892    890
f    891    890    889
f    891    889    888
f    891    888    893
f    809    890    892
f    809    892    814
f    809    814    813
f    809    813    810
f    894    895    816
f    894    816    815
f    894    815    896
f    897    898    899
f    897    899    900
f    897    900    820
f    897    820    818
f    897    818    817
f    897    817    816
f    897    816    895
f    899    901    902
f    899    902    903
f    899    903    900
f    900    903    825
f    900    825    821
f    900    821    820
f    902    904    828
f    902    828    826
f    902    826    825
f    902    825    903
f    829    828    904
f    829    904    905
f    829    905    906
f    907    908    909
f    907    909    831
f    907    831    833
f    907    833    910
f    911    839    832
f    911    832    831
f    911    831    909
f    911    909    912
f    913    914    836
f    913    836    835
f    836    914    915
f    836    915    916
f    836    916    917
f    836    917    840
f    836    840    837
f    917    918    844
f    917    844    841
f    917    841    840
f    919    845    844
f    919    844    918
f    919    918    920
f    849    846    845
f    849    845    919
f    850    748    747
f    850    747    921
f    850    921    853
f    854    853    921
f    854    921    922
f    854    922    855
f    856    855    922
f    856    922    923
f    856    923    857
f    859    858    924
f    859    924    925
f    859    925    926
f    863    860    859
f    863    859    926
f    863    926    927
f    863    927    928
f    863    928    929
f    930    866    862
f    930    862    861
f    930    861    931
f    930    931    932
f    933    934    870
f    933    870    864
f    933    864    866
f    933    866    930
f    935    936    867
f    935    867    870
f    935    870    934
f    935    934    937
f    873    872    868
f    873    868    867
f    873    867    936
f    875    874    873
f    875    873    936
f    875    936    935
f    875    935    938
f    877    876    875
f    877    875    938
f    877    938    939
f    877    939    940
f    879    878    877
f    879    877    940
f    879    940    941
f    880    784    783
f    880    783    942
f    881    788    786
f    881    786    785
f    697    793    943
f    697    943    883
f    697    883    794
f    697    794    698
f    796    885    884
f    796    884    797
f    944    893    888
f    944    888    887
f    944    887    886
f    945    946    891
f    945    891    893
f    945    893    944
f    896    815    814
f    896    814    892
f    896    892    891
f    896    891    946
f    947    948    897
f    947    897    895
f    947    895    894
f    949    950    951
f    949    951    898
f    949    898    897
f    949    897    948
f    952    953    954
f    952    954    901
f    952    901    899
f    952    899    898
f    952    898    951
f    954    905    904
f    954    904    902
f    954    902    901
f    955    830    829
f    955    829    906
f    955    906    956
f    955    956    957
f    910    833    827
f    910    827    830
f    910    830    955
f    910    955    958
f    912    909    908
f    912    908    959
f    960    961    834
f    960    834    839
f    960    839    911
f    962    915    914
f    962    914    913
f    963    964    965
f    963    965    916
f    963    916    915
f    963    915    962
f    965    920    918
f    965    918    917
f    965    917    916
f    922    921    747
f    922    747    746
f    922    746    848
f    922    848    849
f    922    849    919
f    922    919    920
f    922    920    965
f    922    965    964
f    922    964    923
f    857    923    964
f    857    964    963
f    857    963    966
f    857    966    924
f    857    924    858
f    926    925    967
f    926    967    968
f    926    968    969
f    926    969    927
f    928    927    969
f    928    969    970
f    971    931    861
f    971    861    863
f    971    863    929
f    971    929    972
f    973    974    933
f    973    933    930
f    973    930    932
f    973    932    975
f    937    934    933
f    937    933    974
f    939    938    935
f    939    935    937
f    939    937    974
f    939    974    973
f    941    940    939
f    941    939    973
f    941    973    975
f    941    975    976
f    941    976    977
f    942    783    782
f    942    782    879
f    942    879    941
f    942    941    977
f    942    977    978
f    942    978    979
f    792    882    881
f    792    881    785
f    792    785    787
f    792    787    880
f    792    880    942
f    792    942    979
f    792    979    980
f    792    980    981
f    792    981    982
f    792    982    943
f    792    943    793
f    795    883    943
f    795    943    982
f    795    982    945
f    795    945    944
f    795    944    886
f    795    886    885
f    795    885    796
f    982    981    947
f    982    947    894
f    982    894    896
f    982    896    946
f    982    946    945
f    980    983    984
f    980    984    949
f    980    949    948
f    980    948    947
f    980    947    981
f    984    950    949
f    985    986    953
f    985    953    952
f    906    905    954
f    906    954    953
f    906    953    986
f    906    986    956
f    987    988    907
f    987    907    910
f    987    910    958
f    987    958    989
f    990    991    959
f    990    959    908
f    990    908    907
f    990    907    988
f    992    993    960
f    992    960    911
f    992    911    912
f    992    912    959
f    992    959    991
f    992    991    994
f    995    996    997
f    995    997    961
f    995    961    960
f    995    960    993
f    997    966    963
f    997    963    962
f    997    962    913
f    997    913    835
f    997    835    834
f    997    834    961
f    967    925    924
f    967    924    966
f    967    966    997
f    967    997    996
f    967    996    998
f    999    968    967
f    999    967    998
f    999    998   1000
f    999   1000   1001
f    970    969    968
f    970    968    999
f    970    999   1002
f    970   1002   1003
f    972    929    928
f    972    928    970
f    972    970   1003
f    972   1003   1004
f    975    932    931
f    975    931    971
f    975    971    976
f    977    976    971
f    977    971    972
f    977    972   1004
f    977   1004   1005
f    977   1005   1006
f    977   1006    978
f   1006   1005   1007
f   1006   1007   1008
f   1006   1008   1009
f   1006   1009   1010
f    979    978   1006
f    979   1006   1010
f    979   1010   1011
f    979   1011   1012
f    979   1012   1013
f    979   1013    987
f    979    987    989
f    979    989   1014
f    979   1014    983
f    979    983    980
f   1014   1015    985
f   1014    985    952
f   1014    952    951
f   1014    951    950
f   1014    950    984
f   1014    984    983
f    989    958    955
f    989    955    957
f    989    957   1015
f    989   1015   1014
f    957    956    986
f    957    986    985
f    957    985   1015
f    994    991    990
f    994    990   1016
f   1012   1017    992
f   1012    992    994
f   1012    994   1016
f   1012   1016   1013
f   1018   1019    995
f   1018    995    993
f   1018    993    992
f   1018    992   1017
f   1018   1017   1020
f   1021   1000    998
f   1021    998    996
f   1021    996    995
f   1021    995   1019
f   1021   1019   1022
f   1001   1000   1021
f   1004   1003   1002
f   1004   1002   1007
f   1004   1007   1005
f   1010   1009   1018
f   1010   1018   1020
f   1010   1020   1011
f   1013   1016    990
f   1013    990    988
f   1013    988    987
f   1011   1020   1017
f   1011   1017   1012
f   1008   1022   1019
f   1008   1019   1018
f   1008   1018   1009
f   1007   1002    999
f   1007    999   1001
f   1007   1001   1021
f   1007   1021   1022
f   1007   1022   1008
