v    -0.230159     0.086359     0.528510
v    -0.435409     0.113570     0.546045
v    -0.435409     0.072951     0.550046
v    -0.391917     0.029458     0.550046
v    -0.345722     0.003691     0.548034
v    -0.147491     0.003691     0.528510
v    -0.447107     0.126369     0.543633
v    -0.481874     0.091602     0.543633
v    -0.478958     0.088092     0.544265
v    -0.464872     0.075218     0.546921
v    -0.455831     0.072951     0.548034
v    -0.415460     0.032580     0.548034
v    -0.274786    -0.073923     0.533403
v    -0.238622    -0.103971     0.526882
v    -0.198578    -0.126169     0.520751
v    -0.084510    -0.012101     0.520751
v     0.268391     0.007329     0.459533
v     0.586618     0.007329     0.363000
v     0.592906     0.012735     0.360414
v     0.496288     0.245992     0.360414
v     0.466139     0.258210     0.368024
v     0.322168     0.200051     0.419005
v     0.227822    -0.012101     0.469398
v     0.201264     0.206743     0.437783
v    -0.087107     0.326190     0.437783
v    -0.336436     0.345143     0.463362
v    -0.377790     0.333627     0.472052
v    -0.402986     0.324854     0.477879
v    -0.406240     0.323037     0.478839
v    -0.447364     0.275205     0.498516
v    -0.447364     0.126905     0.543502
v    -0.452013     0.274851     0.498039
v    -0.600893     0.213183     0.498039
v    -0.594239     0.196712     0.503872
v    -0.554261     0.156734     0.521022
v    -0.553028     0.152317     0.521951
v    -0.498634     0.104689     0.538725
v    -0.594355     0.196431     0.503872
v    -0.574851     0.170504     0.513046
v    -0.556786     0.154973     0.520477
v    -0.477113     0.083638     0.544265
v    -0.466150     0.070638     0.545958
v    -0.453802     0.049123     0.544450
v    -0.432503     0.027824     0.544450
v    -0.415372    -0.014447     0.533780
v    -0.414497    -0.016053     0.533403
v    -0.171145    -0.148973     0.512492
v    -0.103283    -0.227905     0.480021
v     0.004244    -0.308794     0.441973
v     0.273945    -0.459403     0.362398
v     0.420406    -0.398737     0.362398
v     0.302928    -0.281258     0.412796
v     0.431927    -0.403391     0.358318
v     0.583149    -0.038310     0.358318
v     0.773821     0.028994     0.266041
v     0.773212     0.037696     0.265120
v     0.742118     0.153740     0.265120
v     0.726274     0.175879     0.270418
v     0.710976     0.188352     0.276809
v     0.702673     0.193254     0.280545
v     0.644455     0.028994     0.335189
v     0.657067     0.237865     0.292286
v     0.608599     0.249826     0.311118
v     0.546474     0.311951     0.311118
v     0.497906     0.337026     0.321089
v     0.487655     0.340949     0.323775
v     0.469107     0.345146     0.329866
v     0.456682     0.357849     0.326596
v     0.444953     0.364490     0.325824
v     0.442890     0.365619     0.325705
v     0.384978     0.389607     0.325705
v     0.377772     0.392059     0.325936
v     0.136451     0.405425     0.363413
v     0.113091     0.411685     0.363413
v    -0.069911     0.424488     0.382779
v    -0.305964     0.355682     0.453364
v    -0.475120     0.318218     0.471550
v    -0.496888     0.315250     0.470019
v    -0.536242     0.304705     0.470019
v    -0.543853     0.304283     0.468837
v    -0.563050     0.296331     0.468837
v    -0.584150     0.284385     0.470225
v    -0.587308     0.281559     0.470882
v    -0.601286     0.267269     0.474560
v    -0.604715     0.253373     0.479960
v    -0.603430     0.215721     0.496486
v    -0.623163     0.234924     0.479960
v    -0.624985     0.226876     0.482603
v    -0.619572     0.219627     0.487977
v    -0.610181     0.215951     0.493523
v    -0.607224     0.207609     0.496298
v    -0.604390     0.204400     0.498100
v    -0.619676     0.219236     0.487977
v    -0.574739     0.170085     0.513046
v    -0.572100     0.166398     0.513928
v    -0.561501     0.157757     0.518356
v    -0.446448     0.016629     0.533780
v    -0.408360    -0.040921     0.523740
v    -0.339600    -0.111216     0.505643
v    -0.308594    -0.128771     0.503604
v    -0.210048    -0.199297     0.480021
v     0.343354    -0.502494     0.331305
v     0.397913    -0.536428     0.305353
v     0.544353    -0.608410     0.245905
v     0.621774    -0.635189     0.220502
v     0.621960    -0.635176     0.220483
v     0.640013    -0.630339     0.220483
v     0.629694    -0.603980     0.236049
v     0.282770    -0.467196     0.357443
v     0.629595    -0.601058     0.237332
v     0.669452    -0.652325     0.198656
v     0.680702    -0.659741     0.190734
v     0.690526    -0.662559     0.185368
v     0.715816    -0.637268     0.185368
v     0.720333    -0.617312     0.191921
v     0.710250    -0.603812     0.201931
v     0.720160    -0.424882     0.229718
v     0.769090    -0.242276     0.229718
v     0.787195     0.016506     0.257104
v     0.798476     0.016506     0.247846
v     0.796124     0.047952     0.244643
v     0.789301     0.082252     0.244643
v     0.788959     0.087089     0.243946
v     0.774677     0.115036     0.248909
v     0.762731     0.131327     0.254448
v     0.681097     0.233068     0.276809
v     0.669291     0.240682     0.281802
v     0.657740     0.245793     0.287848
v     0.648814     0.254720     0.287848
v     0.635678     0.263368     0.290163
v     0.566289     0.301802     0.306132
v     0.477789     0.347541     0.323775
v     0.459474     0.357157     0.325723
v     0.459036     0.357314     0.325824
v     0.367517     0.395885     0.325148
v     0.303315     0.401011     0.333972
v     0.120876     0.413930     0.360248
v     0.119284     0.413921     0.360567
v    -0.062207     0.427492     0.379056
v    -0.460186     0.320577     0.472052
v    -0.468200     0.319594     0.471550
v    -0.526496     0.313153     0.465754
v    -0.601489     0.272084     0.470882
v    -0.603535     0.267460     0.473302
v    -0.624173     0.246821     0.473302
v    -0.626884     0.245622     0.471883
v    -0.637568     0.229632     0.471883
v    -0.635563     0.228571     0.473900
v    -0.627773     0.226759     0.480589
v    -0.625605     0.220754     0.483348
v    -0.625561     0.220713     0.483389
v    -0.625227     0.219037     0.483389
v    -0.604928     0.202911     0.497415
v    -0.448787    -0.010932     0.518356
v    -0.440858    -0.043679     0.505553
v    -0.442682    -0.049585     0.500258
v    -0.356035    -0.107481     0.500258
v    -0.200542    -0.208040     0.475494
v    -0.000223    -0.310407     0.439920
v     0.257736    -0.462216     0.357443
v     0.670927    -0.658486     0.193359
v     0.676360    -0.660604     0.190734
v     0.704713    -0.670232     0.173568
v     0.706434    -0.671331     0.171897
v     0.710850    -0.670327     0.170450
v     0.713342    -0.668662     0.170450
v     0.701064    -0.667619     0.177321
v     0.718378    -0.667442     0.168481
v     0.721039    -0.668264     0.166095
v     0.743322    -0.634916     0.166095
v     0.747581    -0.616175     0.172236
v     0.794993    -0.564623     0.147688
v     0.802858    -0.549234     0.144955
v     0.815494    -0.370786     0.170657
v     0.817302    -0.361698     0.170657
v     0.824829    -0.261039     0.180911
v     0.810770    -0.076667     0.222546
v     0.807460    -0.038308     0.231525
v     0.801321     0.010947     0.244604
v     0.800803     0.013343     0.245420
v     0.800414     0.014341     0.245902
v     0.798572     0.036890     0.243795
v     0.797757     0.044033     0.243410
v     0.796805     0.050042     0.243410
v     0.794387     0.078307     0.239806
v     0.792820     0.081975     0.240748
v     0.740141     0.175663     0.254448
v     0.727072     0.184850     0.264186
v     0.685803     0.230842     0.273856
v     0.663902     0.246071     0.281802
v     0.651980     0.253309     0.286200
v     0.147419     0.414345     0.353846
v     0.124305     0.415046     0.358226
v    -0.058504     0.429986     0.375303
v    -0.524322     0.314794     0.464395
v    -0.565104     0.295818     0.468218
v    -0.587038     0.284642     0.468218
v    -0.588109     0.284355     0.467824
v    -0.601470     0.272366     0.470633
v    -0.613909     0.266825     0.464157
v    -0.635687     0.245047     0.464157
v    -0.652485     0.237101     0.453615
v    -0.652225     0.234167     0.455653
v    -0.649001     0.232456     0.459660
v    -0.676801     0.233399     0.427576
v    -0.670082     0.232428     0.435951
v    -0.669445     0.232456     0.436674
v    -0.672999     0.236072     0.430409
v    -0.683213     0.230958     0.420235
v    -0.676588     0.230958     0.428307
v    -0.717341     0.221461     0.376817
v    -0.733465     0.216443     0.356202
v    -0.678739     0.224353     0.424411
v    -0.768223     0.207318     0.310452
v    -0.770559     0.206154     0.307053
v    -0.774842     0.203250     0.300362
v    -0.780976     0.191759     0.286444
v    -0.658930    -0.047771     0.286444
v    -0.594431    -0.051006     0.359407
v    -0.591246    -0.048971     0.364309
v    -0.451211    -0.058114     0.487202
v    -0.553822    -0.091615     0.359407
v    -0.502045    -0.114680     0.386365
v    -0.448509    -0.099493     0.450889
v    -0.403046    -0.111660     0.467599
v    -0.226742    -0.201491     0.467599
v     0.297552    -0.492281     0.332544
v     0.383900    -0.540991     0.297089
v     0.394247    -0.547397     0.291280
v     0.517329    -0.604129     0.245905
v     0.677658    -0.661422     0.189524
v     0.695086    -0.673158     0.171861
v     0.706438    -0.671360     0.171861
v     0.712265    -0.674470     0.164802
v     0.712947    -0.674300     0.164597
v     0.719274    -0.671076     0.164597
v     0.721811    -0.670397     0.163664
v     0.721895    -0.669120     0.164785
v     0.728762    -0.672369     0.155287
v     0.734040    -0.670018     0.152540
v     0.735848    -0.668209     0.152540
v     0.745860    -0.663473     0.146256
v     0.748140    -0.663358     0.143677
v     0.752606    -0.660220     0.140350
v     0.788907    -0.588974     0.140350
v     0.823903    -0.521363     0.127526
v     0.831935    -0.427450     0.139498
v     0.832513    -0.408411     0.143106
v     0.833998    -0.390243     0.144804
v     0.799067     0.033128     0.243795
v     0.794776     0.074990     0.240047
v     0.794450     0.078196     0.239727
v     0.787010     0.103452     0.235088
v     0.775423     0.131425     0.235088
v     0.770629     0.147650     0.229811
v     0.756998     0.165991     0.236323
v     0.746407     0.174346     0.245947
v     0.713214     0.217604     0.245947
v     0.694634     0.231091     0.259262
v     0.686864     0.234761     0.267276
v     0.685316     0.234978     0.269510
v     0.648325     0.256114     0.286200
v     0.636820     0.262825     0.289625
v     0.443690     0.365655     0.325031
v     0.443035     0.366021     0.324858
v     0.388193     0.388737     0.324858
v     0.314689     0.425641     0.287721
v     0.313870     0.425973     0.287366
v     0.226191     0.434416     0.296892
v    -0.037039     0.469071     0.296892
v    -0.058504     0.457449     0.323924
v    -0.426565     0.408992     0.323924
v    -0.438609     0.401386     0.335188
v    -0.447926     0.391856     0.350723
v    -0.522077     0.327598     0.442613
v    -0.587243     0.300605     0.442613
v    -0.585505     0.296746     0.451013
v    -0.597140     0.301545     0.428808
v    -0.647555     0.262860     0.428808
v    -0.671291     0.250565     0.415182
v    -0.745949     0.240074     0.307435
v    -0.768442     0.210761     0.307435
v    -0.768379     0.210732     0.307573
v    -0.782526     0.204215     0.286573
v    -0.781880     0.204169     0.287793
v    -0.781646     0.203250     0.288457
v    -0.804722     0.197914     0.246599
v    -0.827285     0.192723     0.203818
v    -0.835023     0.187857     0.188143
v    -0.837081     0.184057     0.183357
v    -0.836788     0.181836     0.183357
v    -0.814285     0.183431     0.225852
v    -0.811029     0.196209     0.235090
v    -0.803155     0.181479     0.244785
v    -0.851669     0.129971     0.116648
v    -0.854730     0.118449     0.102277
v    -0.852694     0.058756     0.060654
v    -0.847055     0.037910     0.055160
v    -0.825202    -0.014847     0.055160
v    -0.820763    -0.019565     0.059718
v    -0.819693    -0.020389     0.061055
v    -0.812493    -0.023735     0.071719
v    -0.805942    -0.028903     0.077672
v    -0.798833    -0.033133     0.085199
v    -0.673723    -0.059431     0.254938
v    -0.797511    -0.034093     0.086147
v    -0.764117    -0.049866     0.120587
v    -0.673348    -0.062620     0.251587
v    -0.636090    -0.081920     0.272974
v    -0.623996    -0.091201     0.272974
v    -0.493978    -0.153059     0.334295
v    -0.440207    -0.193021     0.315203
v    -0.386885    -0.208778     0.332544
v     0.631614    -0.668503     0.164936
v     0.673851    -0.695178     0.125433
v     0.694629    -0.697913     0.125433
v     0.696684    -0.696801     0.128021
v     0.696684    -0.680067     0.159327
v     0.699158    -0.696475     0.128021
v     0.710731    -0.684638     0.147316
v     0.710659    -0.683628     0.149223
v     0.728839    -0.677137     0.147316
v     0.729075    -0.676915     0.147544
v     0.728210    -0.674994     0.151725
v     0.734797    -0.674193     0.144846
v     0.741363    -0.669155     0.144846
v     0.747854    -0.665792     0.141120
v     0.758162    -0.664344     0.126243
v     0.761793    -0.661708     0.123641
v     0.764921    -0.657631     0.123641
v     0.777172    -0.647967     0.112509
v     0.785288    -0.637047     0.108632
v     0.790320    -0.620018     0.114169
v     0.810242    -0.571920     0.114169
v     0.823921    -0.521360     0.127494
v     0.825621    -0.518343     0.125357
v     0.832519    -0.446709     0.133139
v     0.833354    -0.433016     0.135473
v     0.835294    -0.410914     0.137288
v     0.800229     0.022858     0.243779
v     0.799070     0.033146     0.243779
v     0.793356     0.087680     0.232339
v     0.786638     0.111379     0.227111
v     0.794533     0.081041     0.236145
v     0.785293     0.116418     0.225080
v     0.776233     0.145209     0.217227
v     0.771332     0.163341     0.197160
v     0.765763     0.174500     0.192700
v     0.754397     0.192589     0.192700
v     0.750494     0.195209     0.199678
v     0.774755     0.154190     0.204351
v     0.732638     0.210457     0.213851
v     0.731979     0.211116     0.213851
v     0.717085     0.222442     0.223177
v     0.607590     0.281191     0.289625
v     0.404756     0.387960     0.308192
v     0.381201     0.402367     0.287721
v     0.228564     0.468097     0.192435
v     0.147130     0.498148     0.133036
v    -0.037039     0.470879     0.291339
v     0.090420     0.519916     0.082343
v    -0.024006     0.549633     0.026881
v    -0.040781     0.551523     0.026881
v    -0.040781     0.483858     0.249940
v    -0.089819     0.563578    -0.031075
v    -0.149464     0.575508    -0.092556
v    -0.162940     0.576138    -0.099638
v    -0.177574     0.576138    -0.105074
v    -0.209368     0.573223    -0.107275
v    -0.273141     0.566038    -0.107275
v    -0.322645     0.547036    -0.063023
v    -0.354448     0.530303    -0.019673
v    -0.393124     0.511205     0.023366
v    -0.457750     0.488591     0.023366
v    -0.541284     0.437499     0.095963
v    -0.571859     0.409695     0.152765
v    -0.567636     0.395335     0.205356
v    -0.604101     0.311615     0.393322
v    -0.749343     0.298175     0.152765
v    -0.737768     0.281861     0.225676
v    -0.751208     0.245333     0.286035
v    -0.779655     0.286498     0.104045
v    -0.828762     0.237391     0.104045
v    -0.833898     0.224059     0.125475
v    -0.825405     0.218033     0.163431
v    -0.830539     0.194972     0.192354
v    -0.839167     0.215673     0.125475
v    -0.842813     0.193516     0.157241
v    -0.837482     0.191948     0.176765
v    -0.837618     0.189042     0.179689
v    -0.843413     0.191802     0.157241
v    -0.843306     0.188152     0.161835
v    -0.840034     0.188251     0.172584
v    -0.839413     0.184057     0.176189
v    -0.843912     0.182778     0.161835
v    -0.843850     0.182778     0.162038
v    -0.849490     0.160087     0.135018
v    -0.855714     0.128970     0.102943
v    -0.854832     0.119349     0.102277
v    -0.853177     0.042213     0.039830
v    -0.850599     0.033120     0.037824
v    -0.846247     0.020682     0.037824
v    -0.845838     0.019384     0.037470
v    -0.838864     0.005735     0.041088
v    -0.830047    -0.009649     0.047786
v    -0.826400    -0.014325     0.052470
v    -0.825532    -0.015706     0.052470
v    -0.824028    -0.017374     0.053880
v    -0.818779    -0.021169     0.061780
v    -0.810275    -0.027309     0.070513
v    -0.805299    -0.031093     0.073629
v    -0.733514    -0.066822     0.135615
v    -0.485489    -0.222666     0.135615
v    -0.411133    -0.259773     0.165334
v     0.012159    -0.502381    -0.018959
v     0.113365    -0.534226     0.008644
v     0.466043    -0.657633     0.008644
v     0.639141    -0.706703     0.046830
v     0.647114    -0.707983     0.051846
v     0.670062    -0.710724     0.069407
v     0.677853    -0.710497     0.079214
v     0.677750    -0.707094     0.090393
v     0.693978    -0.704691     0.104342
v     0.694629    -0.702433     0.111546
v     0.681038    -0.710856     0.079214
v     0.682180    -0.710960     0.079293
v     0.687320    -0.709932     0.084592
v     0.693978    -0.708296     0.092460
v     0.693991    -0.708294     0.092460
v     0.697280    -0.706563     0.096944
v     0.697394    -0.702842     0.109169
v     0.699344    -0.696881     0.126698
v     0.707322    -0.703050     0.096944
v     0.715962    -0.697765     0.104453
v     0.717890    -0.696011     0.108036
v     0.722021    -0.692790     0.112173
v     0.754819    -0.672182     0.112173
v     0.756922    -0.670285     0.113953
v     0.756299    -0.669406     0.117878
v     0.763162    -0.665539     0.110045
v     0.770020    -0.658681     0.110045
v     0.775906    -0.653655     0.105374
v     0.778550    -0.651880     0.100646
v     0.782950    -0.647002     0.096520
v     0.790682    -0.634697     0.096520
v     0.794095    -0.630321     0.092137
v     0.798536    -0.622572     0.088763
v     0.809501    -0.587724     0.098267
v     0.814179    -0.574354     0.098267
v     0.825104    -0.535819     0.106768
v     0.826311    -0.528295     0.111502
v     0.826017    -0.518213     0.124192
v     0.831679    -0.463040     0.129114
v     0.832859    -0.449005     0.131165
v     0.835651    -0.418554     0.133273
v     0.800229     0.030492     0.236145
v     0.788071     0.111854     0.209601
v     0.782728     0.129465     0.209601
v     0.765819     0.176474     0.180178
v     0.760610     0.187812     0.170579
v     0.759845     0.189244     0.170579
v     0.759696     0.189506     0.170476
v     0.755239     0.193362     0.183925
v     0.757392     0.192936     0.165166
v     0.756643     0.193848     0.165166
v     0.752095     0.198396     0.173650
v     0.751487     0.198933     0.174040
v     0.731393     0.215423     0.174040
v     0.721005     0.223172     0.182116
v     0.710136     0.230475     0.198941
v     0.653191     0.262888     0.221204
v     0.366586     0.416081     0.221204
v     0.271892     0.459582     0.141031
v     0.251195     0.468270     0.114270
v     0.100821     0.516761     0.082343
v    -0.087785     0.563578    -0.033109
v    -0.142181     0.574757    -0.092214
v    -0.147274     0.575292    -0.092556
v    -0.194501     0.575347    -0.113969
v    -0.212830     0.573541    -0.113969
v    -0.215859     0.573223    -0.113765
v    -0.242052     0.570272    -0.113765
v    -0.272527     0.566689    -0.112445
v    -0.284046     0.563624    -0.117206
v    -0.319143     0.553846    -0.126854
v    -0.376447     0.536463    -0.126854
v    -0.380299     0.535221    -0.127672
v    -0.424565     0.519731    -0.127672
v    -0.447862     0.509029    -0.147396
v    -0.703478     0.372400    -0.147396
v    -0.708732     0.369409    -0.149450
v    -0.728845     0.356771    -0.149450
v    -0.784794     0.292099     0.045674
v    -0.732742     0.353864    -0.152480
v    -0.776997     0.317545    -0.152480
v    -0.786238     0.308304    -0.135239
v    -0.809407     0.280367    -0.042418
v    -0.811141     0.278215    -0.034830
v    -0.809560     0.276633    -0.004867
v    -0.831152     0.242059     0.065691
v    -0.831380     0.239794     0.076758
v    -0.814252     0.273196    -0.024349
v    -0.831435     0.242156     0.061908
v    -0.840611     0.216794     0.111267
v    -0.842268     0.216350     0.095276
v    -0.840952     0.216431     0.109613
v    -0.845516     0.193208     0.137165
v    -0.849438     0.192713     0.095276
v    -0.850161     0.189196     0.099097
v    -0.849490     0.189466     0.105638
v    -0.856093     0.128970     0.099097
v    -0.856093     0.066913     0.037040
v    -0.854832     0.054112     0.037040
v    -0.853626     0.042636     0.036269
v    -0.852915     0.039179     0.032513
v    -0.849719     0.028643     0.032513
v    -0.849681     0.028525     0.032488
v    -0.848774     0.025933     0.032488
v    -0.847732     0.023506     0.033980
v    -0.838856     0.005720     0.041088
v    -0.837528     0.003326     0.041633
v    -0.830114    -0.009699     0.046725
v    -0.829897    -0.010022     0.047226
v    -0.825884    -0.015402     0.051408
v    -0.825524    -0.015840     0.051408
v    -0.823681    -0.017930     0.052745
v    -0.823206    -0.018404     0.052745
v    -0.802280    -0.036865     0.039349
v    -0.795470    -0.042455     0.039349
v    -0.680965    -0.127869    -0.049673
v    -0.608979    -0.173101    -0.049673
v    -0.414720    -0.283674    -0.125618
v     0.035593    -0.524371    -0.125618
v     0.038351    -0.525638    -0.127952
v     0.205326    -0.584065    -0.127952
v     0.382639    -0.641242    -0.090306
v     0.399942    -0.646491    -0.090306
v     0.410583    -0.649323    -0.085908
v     0.582700    -0.694022    -0.002484
v     0.603936    -0.699132     0.012307
v     0.629488    -0.704719     0.036341
v     0.672612    -0.710856     0.070788
v     0.677038    -0.711063     0.073114
v     0.682180    -0.711063     0.078256
v     0.688191    -0.710471     0.078256
v     0.692363    -0.710032     0.078536
v     0.692630    -0.709977     0.078826
v     0.692648    -0.709932     0.079264
v     0.694074    -0.708418     0.091274
v     0.703588    -0.706653     0.078826
v     0.703594    -0.706547     0.079979
v     0.704291    -0.706358     0.077917
v     0.707108    -0.705064     0.075532
v     0.729431    -0.693132     0.075532
v     0.730491    -0.692528     0.075947
v     0.732691    -0.691051     0.079352
v     0.749056    -0.678843     0.092075
v     0.751459    -0.676871     0.092075
v     0.770081    -0.661218     0.095925
v     0.776276    -0.655522     0.093215
v     0.783202    -0.648276     0.083023
v     0.787423    -0.643133     0.083023
v     0.790734    -0.638695     0.079573
v     0.792351    -0.636288     0.075848
v     0.794551    -0.632423     0.074337
v     0.801511    -0.619402     0.074337
v     0.804027    -0.613924     0.069699
v     0.806806    -0.605983     0.069699
v     0.809771    -0.596789     0.071651
v     0.817155    -0.572445     0.071651
v     0.824164    -0.540392     0.101800
v     0.831679    -0.477223     0.114932
v     0.835651    -0.436895     0.114932
v     0.834590    -0.436895     0.104160
v     0.810770    -0.177066     0.122147
v     0.798928    -0.071957     0.122147
v     0.779208     0.120199     0.139289
v     0.774224     0.133706     0.129437
v     0.770412     0.141425     0.120847
v     0.752756     0.191884     0.120847
v     0.754129     0.192950     0.134351
v     0.755591     0.192797     0.145247
v     0.756191     0.192522     0.149141
v     0.751726     0.193016     0.118743
v     0.752276     0.193521     0.124478
v     0.748068     0.196149     0.115888
v     0.747233     0.195239     0.106405
v     0.718918     0.199568     0.017413
v     0.713093     0.200894     0.001981
v     0.694794     0.205620    -0.042785
v     0.682411     0.210390    -0.062688
v     0.661267     0.218772    -0.095107
v     0.637415     0.229538    -0.123015
v     0.633567     0.231355    -0.126983
v     0.582554     0.256720    -0.171201
v     0.559455     0.269518    -0.182544
v     0.477967     0.320720    -0.182544
v     0.444546     0.337399    -0.195901
v     0.323585     0.406727    -0.143238
v     0.304040     0.418681    -0.126252
v    -0.075000     0.551313    -0.126252
v    -0.085882     0.554398    -0.128653
v    -0.114191     0.563970    -0.117717
v    -0.141520     0.574055    -0.097783
v    -0.153577     0.575292    -0.098859
v    -0.155283     0.575436    -0.099108
v    -0.196483     0.574950    -0.116012
v    -0.211850     0.573541    -0.114948
v    -0.228794     0.571632    -0.114948
v    -0.348317     0.543981    -0.138124
v    -0.366799     0.537874    -0.143689
v    -0.392956     0.527256    -0.155018
v    -0.449537     0.507458    -0.155018
v    -0.506099     0.472862    -0.204175
v    -0.634888     0.399048    -0.260247
v    -0.652727     0.385136    -0.278115
v    -0.733749     0.334226    -0.278115
v    -0.740639     0.331572    -0.267042
v    -0.751663     0.329063    -0.237837
v    -0.752968     0.330485    -0.223019
v    -0.774672     0.316930    -0.178725
v    -0.775979     0.316527    -0.171764
v    -0.757092     0.325420    -0.228131
v    -0.774525     0.316794    -0.180267
v    -0.785699     0.308118    -0.142437
v    -0.786810     0.303284    -0.155168
v    -0.787442     0.303774    -0.148954
v    -0.819245     0.210592    -0.155168
v    -0.820666     0.207890    -0.151485
v    -0.826341     0.211685    -0.097327
v    -0.844289     0.194784     0.045069
v    -0.830986     0.116303    -0.151485
v    -0.834357     0.102588    -0.135276
v    -0.837919     0.092351    -0.113904
v    -0.844289     0.075984    -0.073732
v    -0.846061     0.070382    -0.061338
v    -0.851491     0.066913    -0.009677
v    -0.851491     0.038944     0.018292
v    -0.851677     0.038681     0.020438
v    -0.846173     0.068750    -0.058717
v    -0.850972     0.039291     0.013336
v    -0.846088     0.069478    -0.060200
v    -0.828472    -0.011119     0.041773
v    -0.828459    -0.011107     0.041633
v    -0.828386    -0.011156     0.041502
v    -0.788667    -0.045074     0.009976
v    -0.787887    -0.045854     0.009976
v    -0.682740    -0.125818    -0.055863
v    -0.626625    -0.147434    -0.146056
v    -0.407996    -0.268567    -0.253411
v    -0.329548    -0.317859    -0.253411
v    -0.142378    -0.411266    -0.328219
v    -0.051615    -0.463286    -0.288703
v     0.015929    -0.504598    -0.230002
v     0.184212    -0.563483    -0.230002
v     0.257891    -0.594395    -0.190316
v     0.268395    -0.597947    -0.186259
v     0.618914    -0.701797     0.020982
v     0.630800    -0.704719     0.035029
v     0.683496    -0.710471     0.073561
v     0.692954    -0.709405     0.073561
v     0.695254    -0.708522     0.071505
v     0.697503    -0.707692     0.069864
v     0.702173    -0.705386     0.064667
v     0.709495    -0.702824     0.064667
v     0.717533    -0.697907     0.057681
v     0.720760    -0.695123     0.052677
v     0.735508    -0.685856     0.052677
v     0.734298    -0.688128     0.062671
v     0.719605    -0.696024     0.053833
v     0.783272    -0.647650     0.078407
v     0.773145    -0.653713     0.056317
v     0.779430    -0.647428     0.056317
v     0.787960    -0.640144     0.063088
v     0.788132    -0.639938     0.063121
v     0.792162    -0.632664     0.059549
v     0.798506    -0.622568     0.059549
v     0.801449    -0.616671     0.057193
v     0.802030    -0.613141     0.052131
v     0.808490    -0.592610     0.046532
v     0.810643    -0.586456     0.046532
v     0.813690    -0.575707     0.044161
v     0.813554    -0.571024     0.038265
v     0.815897    -0.548193     0.036229
v     0.821210    -0.501036     0.036229
v     0.824164    -0.489021     0.050429
v     0.814608    -0.501036     0.014463
v     0.813340    -0.498111     0.011372
v     0.807837    -0.477849     0.000756
v     0.774555    -0.323733    -0.051717
v     0.769751    -0.269002    -0.047223
v     0.738644    -0.032720    -0.047223
v     0.720295     0.157822    -0.026522
v     0.719093     0.159957    -0.028035
v     0.717258     0.199080     0.011332
v     0.707061     0.173841    -0.045240
v     0.694036     0.205287    -0.045240
v     0.694479     0.205594    -0.043679
v     0.689188     0.207540    -0.052421
v     0.582089     0.256884    -0.171644
v     0.557845     0.269070    -0.186419
v     0.555116     0.270484    -0.187985
v     0.553536     0.271109    -0.189123
v     0.507086     0.290316    -0.219970
v     0.461549     0.309373    -0.249509
v     0.455499     0.312251    -0.252362
v     0.454225     0.312130    -0.254141
v     0.452812     0.312284    -0.255323
v     0.431072     0.315737    -0.270530
v     0.369974     0.326403    -0.310640
v     0.357536     0.330079    -0.314685
v     0.245897     0.376321    -0.314685
v     0.180065     0.413457    -0.287654
v     0.142368     0.429562    -0.277977
v     0.087928     0.454655    -0.257907
v    -0.058924     0.537372    -0.153866
v    -0.176933     0.572230    -0.117717
v    -0.196483     0.573946    -0.119322
v    -0.196764     0.573824    -0.119620
v    -0.226168     0.571243    -0.117206
v    -0.488019     0.473710    -0.222368
v    -0.507254     0.457041    -0.246205
v    -0.575298     0.414910    -0.284410
v    -0.653948     0.382332    -0.284410
v    -0.705929     0.333422    -0.334636
v    -0.726692     0.328800    -0.308594
v    -0.730666     0.329881    -0.297536
v    -0.706208     0.332823    -0.335523
v    -0.711500     0.326114    -0.341620
v    -0.718576     0.320684    -0.341620
v    -0.732409     0.329239    -0.294655
v    -0.738019     0.329714    -0.278750
v    -0.718706     0.319766    -0.342945
v    -0.751591     0.323802    -0.248277
v    -0.717447     0.315863    -0.350820
v    -0.716289     0.303672    -0.367826
v    -0.748697     0.225434    -0.367826
v    -0.749728     0.224426    -0.366145
v    -0.756115     0.227343    -0.345339
v    -0.806085     0.210994    -0.198398
v    -0.753300     0.197291    -0.366145
v    -0.757281     0.189939    -0.356887
v    -0.771623     0.171038    -0.320462
v    -0.796285     0.144809    -0.255288
v    -0.802827     0.136354    -0.236864
v    -0.820148     0.118322    -0.186463
v    -0.827154     0.116303    -0.164115
v    -0.828558     0.106821    -0.155965
v    -0.826120     0.107934    -0.163907
v    -0.837522     0.083899    -0.105399
v    -0.827763     0.090646    -0.139791
v    -0.698031    -0.078423    -0.139791
v    -0.635248    -0.123997    -0.184783
v    -0.602002    -0.128668    -0.232764
v    -0.409017    -0.228638    -0.343543
v    -0.336133    -0.284564    -0.343543
v    -0.184137    -0.356879    -0.415230
v    -0.157418    -0.376736    -0.405743
v    -0.154805    -0.377508    -0.406593
v    -0.020074    -0.433316    -0.406593
v     0.018293    -0.466564    -0.359047
v     0.133525    -0.531470    -0.277408
v     0.402166    -0.615558    -0.186259
v     0.430538    -0.624701    -0.169643
v     0.430898    -0.624886    -0.169218
v     0.461975    -0.641714    -0.130082
v     0.638330    -0.700093     0.022576
v     0.696166    -0.692479     0.022576
v     0.697041    -0.692395     0.022671
v     0.703947    -0.694376     0.031554
v     0.705012    -0.696708     0.039149
v     0.721336    -0.687174     0.031554
v     0.724107    -0.687437     0.035420
v     0.728017    -0.685577     0.037264
v     0.737978    -0.683359     0.049757
v     0.740620    -0.675907     0.037264
v     0.752218    -0.669899     0.043922
v     0.751898    -0.670768     0.045358
v     0.766174    -0.655942     0.043922
v     0.776334    -0.648567     0.051203
v     0.793644    -0.626009     0.051203
v     0.795960    -0.621141     0.048906
v     0.798843    -0.616426     0.048661
v     0.800928    -0.613621     0.049657
v     0.808501    -0.587995     0.041324
v     0.808732    -0.587435     0.041324
v     0.813135    -0.571161     0.037035
v     0.812276    -0.568167     0.033183
v     0.810297    -0.547926     0.018913
v     0.812484    -0.525213     0.016445
v     0.812489    -0.525177     0.016445
v     0.728007    -0.204373    -0.109402
v     0.719969    -0.106011    -0.100214
v     0.698588     0.028981    -0.100214
v     0.685881     0.177555    -0.081273
v     0.660897     0.210641    -0.101964
v     0.636522     0.228134    -0.125458
v     0.635614     0.229916    -0.125458
v     0.455692     0.311477    -0.253377
v     0.336464     0.327420    -0.335039
v     0.331036     0.328873    -0.337034
v     0.324977     0.329842    -0.339859
v     0.298778     0.336390    -0.347754
v    -0.186878     0.498180    -0.257907
v    -0.192659     0.503295    -0.250559
v    -0.196764     0.506059    -0.246398
v    -0.198831     0.505890    -0.246205
v    -0.587563     0.403623    -0.295797
v    -0.682738     0.331755    -0.355316
v    -0.697817     0.310743    -0.375569
v    -0.709702     0.304687    -0.375569
v    -0.713071     0.308962    -0.366465
v    -0.714314     0.312729    -0.359779
v    -0.710032     0.298116    -0.383003
v    -0.711759     0.299477    -0.379324
v    -0.713825     0.302562    -0.373189
v    -0.704192     0.284103    -0.402724
v    -0.698338     0.263468    -0.427594
v    -0.697843     0.260338    -0.430771
v    -0.708983     0.238474    -0.430771
v    -0.709544     0.236230    -0.431447
v    -0.710902     0.234431    -0.430322
v    -0.715389     0.229556    -0.425796
v    -0.741716     0.224939    -0.381008
v    -0.717481     0.216346    -0.425796
v    -0.721139     0.212213    -0.420541
v    -0.735919     0.202192    -0.397455
v    -0.738475     0.200026    -0.393208
v    -0.750306     0.197291    -0.371747
v    -0.751137     0.194029    -0.369389
v    -0.738566     0.199855    -0.393000
v    -0.772581     0.149979    -0.302702
v    -0.706025     0.135989    -0.393000
v    -0.705557     0.135661    -0.393349
v    -0.622205     0.042768    -0.412879
v    -0.601697     0.033067    -0.425749
v    -0.330772    -0.237859    -0.425749
v    -0.271887    -0.264090    -0.456407
v    -0.187777    -0.339562    -0.438723
v    -0.166756    -0.345188    -0.446449
v    -0.107544    -0.375358    -0.446449
v    -0.090368    -0.379651    -0.451626
v    -0.086859    -0.381444    -0.451003
v    -0.077213    -0.387121    -0.447918
v    -0.028489    -0.423913    -0.417448
v    -0.020421    -0.431338    -0.409958
v     0.074838    -0.446425    -0.409958
v     0.183556    -0.497954    -0.349922
v     0.210040    -0.511973    -0.332731
v     0.325499    -0.565513    -0.261003
v     0.361568    -0.588220    -0.227405
v     0.451813    -0.621331    -0.169643
v     0.510916    -0.632765    -0.133255
v     0.653020    -0.663739    -0.039672
v     0.682306    -0.675563    -0.010865
v     0.698138    -0.684014     0.008310
v     0.698408    -0.684598     0.009407
v     0.720631    -0.685609     0.028148
v     0.708087    -0.678945     0.008310
v     0.721247    -0.682678     0.024171
v     0.734946    -0.676575     0.031304
v     0.766392    -0.654093     0.041979
v     0.749383    -0.662139     0.031304
v     0.806639    -0.587297     0.037955
v     0.808319    -0.583999     0.037955
v     0.809454    -0.546347     0.017001
v     0.811569    -0.521622     0.013849
v     0.811658    -0.518701     0.013295
v     0.678783    -0.149401    -0.158773
v     0.671634    -0.053796    -0.149034
v     0.615131     0.230259    -0.149034
v     0.582739     0.255992    -0.171416
v     0.582074     0.256715    -0.171761
v     0.334835     0.326917    -0.336499
v     0.323350     0.329698    -0.340989
v     0.317548     0.330378    -0.343631
v     0.298955     0.334604    -0.349723
v     0.289759     0.328019    -0.359183
v     0.282609     0.324585    -0.364643
v     0.257980     0.317520    -0.378095
v     0.160992     0.324388    -0.392064
v    -0.051073     0.366571    -0.392064
v    -0.186878     0.376726    -0.405899
v    -0.264032     0.307639    -0.475192
v    -0.287430     0.305889    -0.472809
v    -0.604063     0.242907    -0.472809
v    -0.671043     0.238164    -0.463162
v    -0.672534     0.238879    -0.462024
v    -0.688916     0.250609    -0.445172
v    -0.698054     0.267826    -0.423770
v    -0.700966     0.279054    -0.410494
v    -0.689425     0.250268    -0.445172
v    -0.695414     0.256257    -0.436005
v    -0.688450     0.247112    -0.448002
v    -0.693670     0.239301    -0.448002
v    -0.693902     0.239251    -0.447819
v    -0.696012     0.237574    -0.446361
v    -0.699251     0.221289    -0.446361
v    -0.703863     0.217669    -0.441986
v    -0.705444     0.217669    -0.440208
v    -0.711300     0.216346    -0.433328
v    -0.712226     0.213501    -0.431650
v    -0.702848     0.212569    -0.441986
v    -0.698992     0.209506    -0.444650
v    -0.688126     0.207164    -0.453186
v    -0.671613     0.199765    -0.463802
v    -0.558337     0.030235    -0.463802
v    -0.530879     0.018085    -0.478174
v    -0.279507    -0.233286    -0.478174
v    -0.272928    -0.248156    -0.470391
v    -0.132294    -0.342124    -0.470391
v    -0.130803    -0.342463    -0.470880
v     0.013411    -0.405147    -0.447918
v     0.018815    -0.408509    -0.445348
v     0.042926    -0.420360    -0.435560
v     0.068376    -0.440639    -0.415761
v     0.423994    -0.608548    -0.190588
v     0.347556    -0.571840    -0.248956
v     0.707349    -0.677790     0.006532
v     0.707516    -0.675234     0.004289
v     0.658480    -0.660091    -0.039672
v     0.734984    -0.663079     0.018668
v     0.804171    -0.559535     0.018668
v     0.807115    -0.546579     0.014423
v     0.799281    -0.535638     0.003168
v     0.806066    -0.501529     0.003168
v     0.646072    -0.149401    -0.185618
v     0.585193    -0.134128    -0.233087
v     0.478009    -0.034043    -0.304712
v     0.371875     0.027354    -0.370235
v     0.300578     0.293441    -0.370235
v     0.306210     0.300983    -0.364643
v     0.334229     0.319781    -0.340493
v     0.143299     0.231873    -0.463120
v     0.107831     0.211419    -0.485008
v    -0.013538     0.159240    -0.546890
v    -0.175891     0.202742    -0.546890
v    -0.264032     0.208909    -0.556218
v    -0.306639     0.163279    -0.586710
v    -0.371063     0.158772    -0.579892
v    -0.425324     0.144233    -0.579892
v    -0.437740     0.143545    -0.577964
v    -0.527684     0.166976    -0.543237
v    -0.590111     0.191177    -0.513335
v    -0.633581     0.209865    -0.491171
v    -0.648096     0.218236    -0.482213
v    -0.667292     0.232572    -0.467981
v    -0.680930     0.239592    -0.457325
v    -0.669235     0.230629    -0.467981
v    -0.680830     0.238407    -0.457988
v    -0.688458     0.238089    -0.452476
v    -0.664890     0.224810    -0.472295
v    -0.665794     0.221435    -0.472295
v    -0.682445     0.221435    -0.460130
v    -0.683026     0.221289    -0.459677
v    -0.636105     0.204260    -0.490624
v    -0.634485     0.198215    -0.490624
v    -0.537012     0.140656    -0.534481
v    -0.521743     0.125720    -0.538412
v    -0.497021     0.119619    -0.548018
v    -0.197696    -0.179706    -0.548018
v    -0.186423    -0.225385    -0.530269
v    -0.178314    -0.233676    -0.528134
v    -0.132075    -0.311978    -0.492904
v    -0.042523    -0.335973    -0.492904
v    -0.028425    -0.360344    -0.477858
v     0.130799    -0.463180    -0.387073
v     0.065401    -0.414338    -0.435560
v     0.642307    -0.643918    -0.059722
v     0.471406    -0.447990    -0.248956
v     0.500701    -0.449456    -0.233087
v     0.633355    -0.538451    -0.118747
v     0.784280    -0.532150    -0.009713
v     0.079071     0.027354    -0.526743
v     0.046261     0.037702    -0.542798
v    -0.100191     0.037702    -0.606182
v    -0.110784     0.063276    -0.606182
v    -0.020478     0.153583    -0.550908
v    -0.175393     0.037177    -0.629060
v    -0.177556     0.037297    -0.629396
v    -0.255071     0.069405    -0.629396
v    -0.255083     0.069413    -0.629395
v    -0.255943     0.070128    -0.629240
v    -0.258531     0.071562    -0.628844
v    -0.273633     0.080502    -0.626228
v    -0.294376     0.094534    -0.621699
v    -0.298960     0.098344    -0.620319
v    -0.306639     0.107276    -0.616644
v    -0.318506     0.106374    -0.615427
v    -0.384692     0.122110    -0.596751
v    -0.437161     0.143306    -0.578171
v    -0.319744     0.105861    -0.615427
v    -0.356188     0.113958    -0.605389
v    -0.631594     0.204260    -0.493035
v    -0.389976     0.123273    -0.595002
v    -0.234243     0.053662    -0.631555
v    -0.214259     0.033678    -0.631555
v    -0.192265    -0.020594    -0.617855
v    -0.163502    -0.032508    -0.617855
v    -0.161171    -0.036170    -0.616688
v    -0.090530    -0.202563    -0.557337
v    -0.080635    -0.214129    -0.552572
v    -0.042523    -0.334968    -0.493441
v    -0.080758    -0.213929    -0.552662
v     0.046711    -0.366595    -0.463756
v     0.045823    -0.340587    -0.475171
v     0.211483    -0.346242    -0.402460
v    -0.146733    -0.050608    -0.610494
v    -0.112280     0.032569    -0.610494
v    -0.176678     0.032569    -0.630029
v    -0.182885     0.029597    -0.631538
v    -0.190694     0.029597    -0.632822
v    -0.193329     0.030257    -0.633147
v    -0.193525     0.030379    -0.633159
v    -0.195450     0.032304    -0.633159
v    -0.197451     0.032569    -0.633330
v    -0.205444     0.035880    -0.633330
v    -0.206670     0.036564    -0.633277
v    -0.307037     0.100598    -0.618620
v    -0.206069     0.035963    -0.633277
v    -0.191755     0.028536    -0.632822
v    -0.169794    -0.017317    -0.621673
f      1      2      3
f      1      3      4
f      1      4      5
f      1      5      6
f      7      8      9
f      7      9     10
f      7     10     11
f      7     11      3
f      7      3      2
f      3     11     12
f      3     12      4
f      6      5     13
f      6     13     14
f      6     14     15
f      6     15     16
f     17     18     19
f     17     19     20
f     17     20     21
f     17     21     22
f      1      6     16
f      1     16     23
f      1     23     17
f      1     17     22
f      1     22     24
f     24     25     26
f     24     26     27
f     24     27     28
f     24     28     29
f     24     29     30
f     24     30     31
f     24     31      7
f     24      7      2
f     24      2      1
f     30     32     33
f     30     33     34
f     30     34     35
f     30     35     31
f     31     35     36
f     31     36     37
f     31     37      8
f     31      8      7
f     34     38     39
f     34     39     40
f     34     40     36
f     34     36     35
f      9     41     42
f      9     42     10
f     10     42     43
f     10     43     44
f     10     44     12
f     10     12     11
f      4     12     44
f      4     44     45
f      4     45     46
f      4     46     13
f      4     13      5
f     47     48     49
f     47     49     50
f     47     50     51
f     47     51     52
f     16     15     47
f     16     47     52
f     16     52     23
f     23     52     51
f     23     51     53
f     23     53     54
f     23     54     18
f     23     18     17
f     55     56     57
f     55     57     58
f     55     58     59
f     55     59     60
f     55     60     61
f     19     61     60
f     19     60     62
f     19     62     63
f     19     63     20
f     20     63     64
f     20     64     65
f     20     65     66
f     20     66     67
f     20     67     21
f     22     21     67
f     22     67     68
f     22     68     69
f     22     69     70
f     22     70     71
f     22     71     72
f     22     72     73
f     22     73     25
f     22     25     24
f     25     73     74
f     25     74     75
f     25     75     76
f     25     76     26
f     29     77     78
f     29     78     79
f     29     79     32
f     29     32     30
f     79     80     81
f     79     81     82
f     79     82     83
f     79     83     84
f     79     84     85
f     79     85     86
f     79     86     33
f     79     33     32
f     85     87     88
f     85     88     89
f     85     89     90
f     85     90     86
f     33     86     90
f     33     90     91
f     33     91     92
f     33     92     38
f     33     38     34
f     90     89     93
f     90     93     91
f     39     94     95
f     39     95     96
f     39     96     40
f     37     41      9
f     37      9      8
f     44     43     97
f     44     97     45
f     13     46     98
f     13     98     99
f     13     99    100
f     13    100     14
f     14    100    101
f     14    101     48
f     14     48     47
f     14     47     15
f    102    103    104
f    102    104    105
f    102    105    106
f    102    106    107
f    102    107    108
f     51     50    109
f     51    109    102
f     51    102    108
f     51    108    110
f     51    110     53
f    108    107    111
f    108    111    112
f    108    112    113
f    108    113    114
f    108    114    115
f    108    115    116
f    108    116    110
f     53    110    116
f     53    116    117
f     53    117     54
f     54    117    118
f     54    118    119
f     54    119     55
f     54     55     61
f     54     61     19
f     54     19     18
f    119    120    121
f    119    121    122
f    119    122     56
f    119     56     55
f    122    123    124
f    122    124    125
f    122    125     57
f    122     57     56
f     60     59    126
f     60    126    127
f     60    127    128
f     60    128     62
f     62    128    129
f     62    129    130
f     62    130    131
f     62    131     64
f     62     64     63
f     67     66    132
f     67    132    133
f     67    133    134
f     67    134     68
f     72    135    136
f     72    136    137
f     72    137    138
f     72    138     74
f     72     74     73
f     74    138    139
f     74    139     75
f     28    140    141
f     28    141     77
f     28     77     29
f     78    142     80
f     78     80     79
f     83    143    144
f     83    144     84
f     84    144    145
f     84    145     87
f     84     87     85
f    145    146    147
f    145    147    148
f    145    148    149
f    145    149     88
f    145     88     87
f     88    149    150
f     88    150    151
f     88    151     93
f     88     93     89
f    148    150    149
f     91     93    151
f     91    151    152
f     91    152    153
f     91    153     92
f     92    153     94
f     92     94     39
f     92     39     38
f     36     40     96
f     36     96    154
f     36    154     97
f     36     97     43
f     36     43     42
f     36     42     41
f     36     41     37
f     45     97    154
f     45    154    155
f     45    155     98
f     45     98     46
f     98    155    156
f     98    156    157
f     98    157     99
f    101    158    159
f    101    159     49
f    101     49     48
f     49    159    160
f     49    160    109
f     49    109     50
f    105    161    162
f    105    162    112
f    105    112    111
f    105    111    106
f    106    111    107
f    163    164    165
f    163    165    166
f    163    166    167
f    113    167    166
f    113    166    168
f    113    168    114
f    114    168    169
f    114    169    170
f    114    170    171
f    114    171    115
f    116    115    171
f    116    171    172
f    116    172    173
f    116    173    174
f    116    174    118
f    116    118    117
f    118    174    175
f    118    175    176
f    118    176    177
f    118    177    178
f    118    178    179
f    118    179    180
f    118    180    181
f    118    181    120
f    118    120    119
f    181    182    183
f    181    183    184
f    181    184    121
f    181    121    120
f    121    184    185
f    121    185    186
f    121    186    123
f    121    123    122
f     57    125    187
f     57    187    188
f     57    188     58
f     58    188    189
f     58    189    126
f     58    126     59
f    127    190    191
f    127    191    129
f    127    129    128
f     65    132     66
f     68    134     69
f    136    192    193
f    136    193    137
f    137    193    194
f    137    194    139
f    137    139    138
f     27    140     28
f    195    142     78
f    195     78     77
f    195     77    141
f    196    197     82
f    196     82     81
f     82    197    198
f     82    198    199
f     82    199    143
f     82    143     83
f    200    201    146
f    200    146    145
f    200    145    144
f    200    144    143
f    200    143    199
f    202    203    204
f    202    204    147
f    202    147    146
f    202    146    201
f    205    206    207
f    205    207    203
f    205    203    202
f    205    202    208
f    204    203    207
f    209    210    206
f    209    206    205
f    211    212    213
f    211    213    210
f    211    210    209
f    151    150    148
f    151    148    147
f    151    147    204
f    151    204    207
f    151    207    206
f    151    206    210
f    151    210    213
f    151    213    152
f    152    213    212
f    152    212    214
f    152    214    215
f    152    215    216
f    152    216    217
f    152    217    218
f    152    218    219
f    152    219    220
f    152    220     95
f    152     95     94
f    152     94    153
f     96     95    220
f     96    220    221
f     96    221    156
f     96    156    155
f     96    155    154
f    220    219    222
f    220    222    223
f    220    223    224
f    220    224    221
f    156    221    224
f    156    224    225
f    156    225    157
f     99    157    225
f     99    225    226
f     99    226    158
f     99    158    101
f     99    101    100
f    109    160    227
f    109    227    228
f    109    228    103
f    109    103    102
f    228    229    230
f    228    230    104
f    228    104    103
f    231    232    233
f    231    233    164
f    231    164    163
f    112    162    231
f    112    231    163
f    112    163    167
f    112    167    113
f    233    234    235
f    233    235    236
f    233    236    165
f    233    165    164
f    166    165    236
f    166    236    237
f    166    237    238
f    166    238    169
f    166    169    168
f    237    239    240
f    237    240    241
f    237    241    238
f    169    238    241
f    169    241    242
f    169    242    170
f    171    170    242
f    171    242    243
f    171    243    244
f    171    244    245
f    171    245    172
f    173    246    247
f    173    247    248
f    173    248    175
f    173    175    174
f    175    248    249
f    175    249    176
f    180    250    182
f    180    182    181
f    183    251    252
f    183    252    185
f    183    185    184
f    186    253    254
f    186    254    124
f    186    124    123
f    124    254    255
f    124    255    256
f    124    256    257
f    124    257    187
f    124    187    125
f    187    257    258
f    187    258    259
f    187    259    260
f    187    260    261
f    187    261    189
f    187    189    188
f    126    189    261
f    126    261    190
f    126    190    127
f    129    191    262
f    129    262    263
f    129    263    130
f     69    134    133
f     69    133    264
f     69    264     70
f     70    264    265
f     70    265    266
f     70    266     71
f    267    268    269
f    267    269    192
f    267    192    136
f    267    136    135
f    194    193    192
f    194    192    269
f    194    269    270
f    194    270    271
f     75    139    194
f     75    194    271
f     75    271    272
f     75    272    273
f     75    273    274
f     75    274     76
f     26     76    274
f     26    274    275
f     26    275    195
f     26    195    141
f     26    141    140
f     26    140     27
f    275    276    277
f    275    277    196
f    275    196     81
f    275     81     80
f    275     80    142
f    275    142    195
f    277    198    197
f    277    197    196
f    278    279    200
f    278    200    199
f    278    199    198
f    278    198    277
f    278    277    276
f    280    208    202
f    280    202    201
f    280    201    200
f    280    200    279
f    281    282    283
f    281    283    211
f    281    211    209
f    281    209    205
f    281    205    208
f    281    208    280
f    283    214    212
f    283    212    211
f    284    285    215
f    284    215    214
f    284    214    283
f    284    283    282
f    215    285    286
f    215    286    216
f    287    286    285
f    287    285    284
f    288    289    290
f    288    290    291
f    288    291    292
f    288    292    293
f    293    292    294
f    293    294    217
f    293    217    216
f    293    216    286
f    293    286    287
f    291    295    296
f    291    296    297
f    291    297    298
f    291    298    299
f    291    299    300
f    291    300    301
f    291    301    302
f    291    302    294
f    291    294    292
f    217    294    302
f    217    302    303
f    217    303    304
f    217    304    305
f    217    305    218
f    304    306    307
f    304    307    308
f    304    308    305
f    218    305    308
f    218    308    309
f    218    309    222
f    218    222    219
f    223    222    309
f    223    309    310
f    223    310    311
f    225    224    223
f    225    223    311
f    225    311    312
f    225    312    313
f    225    313    226
f    226    313    227
f    226    227    160
f    226    160    159
f    226    159    158
f    104    230    314
f    104    314    161
f    104    161    105
f    314    315    316
f    314    316    317
f    314    317    318
f    314    318    232
f    314    232    231
f    314    231    162
f    314    162    161
f    317    319    320
f    317    320    321
f    317    321    318
f    318    321    234
f    318    234    233
f    318    233    232
f    320    322    323
f    320    323    324
f    320    324    235
f    320    235    234
f    320    234    321
f    236    235    324
f    236    324    239
f    236    239    237
f    240    239    324
f    240    324    323
f    240    323    325
f    240    325    326
f    242    241    240
f    242    240    326
f    242    326    327
f    242    327    243
f    243    327    328
f    243    328    329
f    243    329    330
f    243    330    244
f    244    330    331
f    244    331    332
f    244    332    333
f    244    333    245
f    172    245    333
f    172    333    334
f    172    334    335
f    172    335    246
f    172    246    173
f    335    336    337
f    335    337    338
f    335    338    247
f    335    247    246
f    247    338    339
f    247    339    249
f    247    249    248
f    179    340    341
f    179    341    250
f    179    250    180
f    341    251    183
f    341    183    182
f    341    182    250
f    342    343    253
f    342    253    186
f    342    186    185
f    342    185    252
f    342    252    344
f    345    346    255
f    345    255    254
f    345    254    253
f    345    253    343
f    347    348    349
f    347    349    350
f    347    350    256
f    347    256    255
f    347    255    346
f    347    346    351
f    256    350    352
f    256    352    258
f    256    258    257
f    259    258    352
f    259    352    353
f    259    353    354
f    261    260    262
f    261    262    191
f    261    191    190
f    130    263    355
f    130    355    131
f    265    356    266
f     71    266    356
f     71    356    357
f     71    357    267
f     71    267    135
f     71    135     72
f    358    359    360
f    358    360    270
f    358    270    269
f    358    269    268
f    360    359    361
f    360    361    362
f    360    362    363
f    360    363    364
f    364    363    365
f    364    365    366
f    364    366    367
f    364    367    368
f    364    368    369
f    364    369    370
f    364    370    371
f    364    371    372
f    271    270    360
f    271    360    364
f    271    364    372
f    271    372    373
f    271    373    272
f    272    373    374
f    272    374    375
f    272    375    376
f    272    376    377
f    272    377    273
f    274    273    377
f    274    377    378
f    274    378    278
f    274    278    276
f    274    276    275
f    377    376    379
f    377    379    380
f    377    380    378
f    378    380    381
f    378    381    281
f    378    281    280
f    378    280    279
f    378    279    278
f    379    382    383
f    379    383    384
f    379    384    385
f    379    385    381
f    379    381    380
f    381    385    386
f    381    386    288
f    381    288    293
f    381    293    287
f    381    287    284
f    381    284    282
f    381    282    281
f    384    387    388
f    384    388    389
f    384    389    386
f    384    386    385
f    386    389    390
f    386    390    289
f    386    289    288
f    388    391    392
f    388    392    393
f    388    393    390
f    388    390    389
f    390    393    394
f    390    394    290
f    390    290    289
f    392    395    396
f    392    396    394
f    392    394    393
f    396    395    397
f    396    397    398
f    396    398    399
f    396    399    296
f    396    296    295
f    290    394    396
f    290    396    295
f    290    295    291
f    297    400    401
f    297    401    402
f    297    402    298
f    298    402    403
f    298    403    404
f    298    404    405
f    298    405    406
f    298    406    299
f    299    406    407
f    299    407    408
f    299    408    300
f    302    301    409
f    302    409    410
f    302    410    303
f    303    410    411
f    303    411    306
f    303    306    304
f    309    308    307
f    309    307    412
f    309    412    310
f    311    310    412
f    311    412    413
f    311    413    414
f    311    414    312
f    227    313    312
f    227    312    414
f    227    414    415
f    227    415    416
f    227    416    229
f    227    229    228
f    416    417    418
f    416    418    419
f    416    419    420
f    416    420    421
f    416    421    422
f    416    422    315
f    416    315    314
f    416    314    230
f    416    230    229
f    422    423    424
f    422    424    316
f    422    316    315
f    421    425    426
f    421    426    427
f    421    427    428
f    421    428    423
f    421    423    422
f    428    429    430
f    428    430    431
f    428    431    424
f    428    424    423
f    316    424    431
f    316    431    432
f    316    432    319
f    316    319    317
f    431    430    433
f    431    433    434
f    431    434    435
f    431    435    432
f    432    435    436
f    432    436    322
f    432    322    320
f    432    320    319
f    323    322    436
f    323    436    437
f    323    437    438
f    323    438    439
f    323    439    325
f    326    325    439
f    326    439    328
f    326    328    327
f    328    439    438
f    328    438    440
f    328    440    441
f    328    441    329
f    329    441    442
f    329    442    331
f    329    331    330
f    331    442    443
f    331    443    444
f    331    444    445
f    331    445    332
f    333    332    445
f    333    445    446
f    333    446    447
f    333    447    448
f    333    448    334
f    334    448    449
f    334    449    450
f    334    450    451
f    334    451    452
f    334    452    336
f    334    336    335
f    452    453    454
f    452    454    337
f    452    337    336
f    339    338    337
f    339    337    454
f    339    454    455
f    178    456    340
f    178    340    179
f    344    252    251
f    344    251    341
f    344    341    340
f    344    340    456
f    457    458    345
f    457    345    343
f    457    343    342
f    351    346    345
f    351    345    458
f    459    460    461
f    459    461    348
f    459    348    347
f    461    462    463
f    461    463    349
f    461    349    348
f    463    462    464
f    463    464    465
f    463    465    466
f    352    350    349
f    352    349    463
f    352    463    466
f    352    466    467
f    352    467    353
f    354    353    467
f    354    467    468
f    354    468    469
f    354    469    470
f    355    263    262
f    355    262    260
f    355    260    259
f    355    259    354
f    355    354    470
f    355    470    471
f     64    131    355
f     64    355    471
f     64    471    472
f     64    472    357
f     64    357    356
f     64    356    265
f     64    265    264
f     64    264    133
f     64    133    132
f     64    132     65
f    357    472    473
f    357    473    358
f    357    358    268
f    357    268    267
f    473    474    475
f    473    475    361
f    473    361    359
f    473    359    358
f    362    476    365
f    362    365    363
f    365    476    477
f    365    477    478
f    365    478    366
f    368    479    480
f    368    480    481
f    368    481    369
f    369    481    482
f    369    482    483
f    369    483    370
f    370    483    484
f    370    484    485
f    370    485    486
f    370    486    371
f    372    371    486
f    372    486    487
f    372    487    488
f    372    488    374
f    372    374    373
f    374    488    489
f    374    489    490
f    374    490    375
f    375    490    491
f    375    491    492
f    375    492    493
f    375    493    382
f    375    382    379
f    375    379    376
f    492    494    495
f    492    495    496
f    492    496    497
f    492    497    498
f    492    498    499
f    492    499    493
f    493    499    500
f    493    500    501
f    493    501    383
f    493    383    382
f    498    502    503
f    498    503    500
f    498    500    499
f    383    501    504
f    383    504    387
f    383    387    384
f    500    503    505
f    500    505    506
f    500    506    504
f    500    504    501
f    504    506    507
f    504    507    391
f    504    391    388
f    504    388    387
f    505    508    509
f    505    509    510
f    505    510    507
f    505    507    506
f    507    510    397
f    507    397    395
f    507    395    392
f    507    392    391
f    509    511    398
f    509    398    397
f    509    397    510
f    398    511    512
f    398    512    513
f    398    513    399
f    296    399    513
f    296    513    514
f    296    514    400
f    296    400    297
f    514    515    516
f    514    516    401
f    514    401    400
f    401    516    517
f    401    517    518
f    401    518    519
f    401    519    403
f    401    403    402
f    404    520    521
f    404    521    522
f    404    522    523
f    404    523    405
f    405    523    524
f    405    524    407
f    405    407    406
f    407    524    525
f    407    525    526
f    407    526    408
f    300    408    526
f    300    526    527
f    300    527    409
f    300    409    301
f    411    410    409
f    411    409    527
f    411    527    528
f    411    528    529
f    412    307    306
f    412    306    411
f    412    411    529
f    412    529    530
f    412    530    531
f    412    531    413
f    414    413    531
f    414    531    532
f    414    532    533
f    414    533    415
f    415    533    534
f    415    534    535
f    415    535    536
f    415    536    417
f    415    417    416
f    536    537    538
f    536    538    539
f    536    539    540
f    536    540    541
f    536    541    418
f    536    418    417
f    420    542    425
f    420    425    421
f    543    544    426
f    543    426    425
f    543    425    542
f    426    544    545
f    426    545    546
f    426    546    547
f    426    547    548
f    426    548    427
f    427    548    549
f    427    549    429
f    427    429    428
f    550    551    549
f    550    549    548
f    550    548    547
f    549    551    433
f    549    433    430
f    549    430    429
f    552    553    554
f    552    554    555
f    552    555    556
f    552    556    434
f    552    434    433
f    552    433    551
f    552    551    550
f    434    556    557
f    434    557    437
f    434    437    436
f    434    436    435
f    438    437    557
f    438    557    558
f    438    558    559
f    438    559    440
f    440    559    560
f    440    560    443
f    440    443    442
f    440    442    441
f    443    560    561
f    443    561    562
f    443    562    444
f    445    444    562
f    445    562    563
f    445    563    446
f    446    563    564
f    446    564    565
f    446    565    566
f    446    566    447
f    447    566    567
f    447    567    568
f    447    568    569
f    447    569    449
f    447    449    448
f    449    569    570
f    449    570    571
f    449    571    450
f    451    572    453
f    451    453    452
f    455    454    453
f    455    453    572
f    455    572    573
f    176    249    339
f    176    339    455
f    176    455    573
f    176    573    574
f    176    574    575
f    176    575    177
f    177    575    576
f    177    576    577
f    177    577    457
f    177    457    342
f    177    342    344
f    177    344    456
f    177    456    178
f    577    578    459
f    577    459    347
f    577    347    351
f    577    351    458
f    577    458    457
f    579    580    581
f    579    581    582
f    579    582    583
f    579    583    460
f    579    460    459
f    579    459    578
f    583    464    462
f    583    462    461
f    583    461    460
f    584    585    581
f    584    581    580
f    582    465    464
f    582    464    583
f    586    585    584
f    586    584    587
f    467    466    465
f    467    465    582
f    467    582    581
f    467    581    585
f    467    585    586
f    467    586    468
f    469    468    586
f    469    586    587
f    469    587    588
f    469    588    589
f    469    589    590
f    469    590    591
f    469    591    592
f    469    592    593
f    469    593    594
f    469    594    595
f    469    595    596
f    469    596    597
f    471    470    469
f    471    469    597
f    471    597    598
f    471    598    599
f    471    599    600
f    471    600    474
f    471    474    473
f    471    473    472
f    600    601    475
f    600    475    474
f    475    601    602
f    475    602    603
f    475    603    604
f    475    604    477
f    475    477    476
f    475    476    362
f    475    362    361
f    604    605    478
f    604    478    477
f    366    478    605
f    366    605    606
f    366    606    367
f    607    608    480
f    607    480    479
f    480    608    609
f    480    609    482
f    480    482    481
f    486    485    610
f    486    610    611
f    486    611    487
f    487    611    612
f    487    612    613
f    487    613    489
f    487    489    488
f    489    613    614
f    489    614    615
f    489    615    491
f    489    491    490
f    491    615    616
f    491    616    617
f    491    617    618
f    491    618    619
f    491    619    620
f    491    620    494
f    491    494    492
f    620    621    622
f    620    622    495
f    620    495    494
f    619    623    624
f    619    624    621
f    619    621    620
f    495    622    625
f    495    625    496
f    624    626    627
f    624    627    625
f    624    625    622
f    624    622    621
f    496    625    627
f    496    627    497
f    497    627    626
f    497    626    628
f    497    628    629
f    497    629    630
f    497    630    502
f    497    502    498
f    630    631    508
f    630    508    505
f    630    505    503
f    630    503    502
f    629    632    633
f    629    633    634
f    629    634    635
f    629    635    631
f    629    631    630
f    635    636    637
f    635    637    512
f    635    512    511
f    635    511    509
f    635    509    508
f    635    508    631
f    513    512    637
f    513    637    638
f    513    638    639
f    513    639    515
f    513    515    514
f    640    641    638
f    640    638    637
f    640    637    636
f    640    636    642
f    639    517    516
f    639    516    515
f    638    641    518
f    638    518    517
f    638    517    639
f    403    519    520
f    403    520    404
f    643    522    521
f    643    521    644
f    525    524    523
f    525    523    522
f    525    522    643
f    527    526    525
f    527    525    643
f    527    643    644
f    527    644    645
f    527    645    646
f    527    646    647
f    527    647    528
f    529    528    647
f    529    647    648
f    529    648    530
f    531    530    648
f    531    648    649
f    531    649    650
f    531    650    651
f    531    651    532
f    532    651    652
f    532    652    653
f    532    653    654
f    532    654    534
f    532    534    533
f    534    654    655
f    534    655    656
f    534    656    535
f    535    656    657
f    535    657    537
f    535    537    536
f    540    658    659
f    540    659    541
f    418    541    659
f    418    659    419
f    660    545    544
f    660    544    543
f    661    546    545
f    661    545    660
f    662    663    552
f    662    552    550
f    662    550    547
f    662    547    546
f    662    546    661
f    664    665    553
f    664    553    552
f    664    552    663
f    666    554    553
f    666    553    665
f    667    668    669
f    667    669    555
f    667    555    554
f    667    554    666
f    667    666    670
f    557    556    555
f    557    555    669
f    557    669    558
f    671    672    673
f    671    673    674
f    562    561    671
f    562    671    674
f    562    674    675
f    562    675    564
f    562    564    563
f    564    675    676
f    564    676    677
f    564    677    565
f    565    677    678
f    565    678    567
f    565    567    566
f    567    678    679
f    567    679    680
f    567    680    681
f    567    681    568
f    568    681    682
f    568    682    570
f    568    570    569
f    571    570    682
f    571    682    683
f    571    683    684
f    571    684    685
f    571    685    686
f    573    572    451
f    573    451    450
f    573    450    571
f    573    571    686
f    573    686    574
f    574    686    685
f    574    685    687
f    574    687    688
f    574    688    689
f    574    689    690
f    574    690    691
f    574    691    576
f    574    576    575
f    576    691    692
f    576    692    693
f    576    693    579
f    576    579    578
f    576    578    577
f    693    694    695
f    693    695    588
f    693    588    587
f    693    587    584
f    693    584    580
f    693    580    579
f    589    695    694
f    589    694    696
f    589    696    697
f    589    697    698
f    589    698    590
f    588    695    589
f    697    699    698
f    590    698    699
f    590    699    591
f    595    700    701
f    595    701    702
f    595    702    596
f    597    596    702
f    597    702    703
f    597    703    704
f    597    704    705
f    597    705    706
f    597    706    598
f    598    706    707
f    598    707    708
f    598    708    709
f    598    709    710
f    598    710    711
f    598    711    712
f    598    712    713
f    598    713    599
f    599    713    714
f    599    714    715
f    599    715    716
f    599    716    602
f    599    602    601
f    599    601    600
f    603    717    606
f    603    606    605
f    603    605    604
f    367    606    717
f    367    717    718
f    367    718    607
f    367    607    479
f    367    479    368
f    718    719    720
f    718    720    609
f    718    609    608
f    718    608    607
f    482    609    720
f    482    720    484
f    482    484    483
f    612    721    614
f    612    614    613
f    614    721    722
f    614    722    723
f    614    723    724
f    614    724    616
f    614    616    615
f    616    724    725
f    616    725    726
f    616    726    727
f    616    727    617
f    725    728    729
f    725    729    730
f    725    730    726
f    617    727    731
f    617    731    732
f    617    732    618
f    726    730    733
f    726    733    731
f    726    731    727
f    618    732    734
f    618    734    623
f    618    623    619
f    731    733    735
f    731    735    736
f    731    736    737
f    731    737    738
f    731    738    739
f    731    739    734
f    731    734    732
f    734    739    740
f    734    740    628
f    734    628    626
f    734    626    624
f    734    624    623
f    738    741    742
f    738    742    743
f    738    743    744
f    738    744    740
f    738    740    739
f    628    740    744
f    628    744    745
f    628    745    746
f    628    746    747
f    628    747    632
f    628    632    629
f    747    748    633
f    747    633    632
f    746    749    748
f    746    748    747
f    634    750    642
f    634    642    636
f    634    636    635
f    633    748    749
f    633    749    751
f    633    751    750
f    633    750    634
f    644    521    520
f    644    520    519
f    644    519    518
f    644    518    641
f    644    641    640
f    644    640    645
f    646    645    640
f    646    640    642
f    646    642    750
f    646    750    751
f    646    751    752
f    648    647    646
f    648    646    752
f    648    752    753
f    648    753    649
f    649    753    754
f    649    754    755
f    649    755    756
f    649    756    650
f    650    756    757
f    650    757    758
f    650    758    652
f    650    652    651
f    652    758    759
f    652    759    760
f    652    760    761
f    652    761    653
f    653    761    762
f    653    762    655
f    653    655    654
f    657    763    764
f    657    764    765
f    657    765    766
f    657    766    538
f    657    538    537
f    538    766    539
f    419    659    658
f    419    658    767
f    419    767    662
f    419    662    661
f    419    661    660
f    419    660    543
f    419    543    542
f    419    542    420
f    767    768    769
f    767    769    770
f    767    770    771
f    767    771    664
f    767    664    663
f    767    663    662
f    771    670    666
f    771    666    665
f    771    665    664
f    770    772    773
f    770    773    667
f    770    667    670
f    770    670    771
f    773    774    775
f    773    775    668
f    773    668    667
f    775    774    776
f    775    776    777
f    775    777    778
f    778    777    779
f    778    779    780
f    778    780    673
f    778    673    672
f    674    673    780
f    674    780    781
f    674    781    676
f    674    676    675
f    676    781    782
f    676    782    783
f    676    783    784
f    676    784    679
f    676    679    678
f    676    678    677
f    679    784    785
f    679    785    786
f    679    786    680
f    682    681    680
f    682    680    786
f    682    786    787
f    682    787    683
f    683    787    788
f    683    788    789
f    683    789    790
f    683    790    791
f    683    791    684
f    685    684    791
f    685    791    687
f    690    792    793
f    690    793    692
f    690    692    691
f    692    793    794
f    692    794    795
f    692    795    696
f    692    696    694
f    692    694    693
f    591    699    697
f    591    697    696
f    591    696    795
f    591    795    796
f    591    796    592
f    592    796    797
f    592    797    798
f    592    798    593
f    593    798    594
f    702    701    703
f    705    799    707
f    705    707    706
f    710    800    801
f    710    801    711
f    711    801    802
f    711    802    803
f    711    803    712
f    715    804    805
f    715    805    716
f    716    805    806
f    716    806    719
f    716    719    718
f    716    718    717
f    716    717    603
f    716    603    602
f    484    720    719
f    484    719    806
f    484    806    807
f    484    807    610
f    484    610    485
f    610    807    722
f    610    722    721
f    610    721    612
f    610    612    611
f    723    808    809
f    723    809    728
f    723    728    725
f    723    725    724
f    809    810    811
f    809    811    812
f    809    812    813
f    809    813    729
f    809    729    728
f    729    813    735
f    729    735    733
f    729    733    730
f    811    814    815
f    811    815    816
f    811    816    812
f    735    813    812
f    735    812    816
f    735    816    736
f    815    814    817
f    815    817    818
f    815    818    819
f    815    819    820
f    736    816    815
f    736    815    820
f    736    820    821
f    736    821    822
f    736    822    823
f    736    823    824
f    736    824    737
f    823    825    826
f    823    826    827
f    823    827    824
f    737    824    827
f    737    827    828
f    737    828    829
f    737    829    741
f    737    741    738
f    829    830    742
f    829    742    741
f    828    831    830
f    828    830    829
f    744    743    832
f    744    832    745
f    832    743    742
f    832    742    830
f    832    830    831
f    832    831    833
f    752    751    749
f    752    749    746
f    752    746    745
f    752    745    832
f    752    832    833
f    752    833    834
f    752    834    835
f    752    835    754
f    752    754    753
f    754    835    836
f    754    836    837
f    754    837    755
f    755    837    838
f    755    838    839
f    755    839    757
f    755    757    756
f    757    839    840
f    757    840    841
f    757    841    759
f    757    759    758
f    759    841    842
f    759    842    843
f    759    843    844
f    759    844    845
f    759    845    846
f    759    846    760
f    760    846    847
f    760    847    848
f    760    848    849
f    760    849    762
f    760    762    761
f    655    762    849
f    655    849    850
f    655    850    851
f    655    851    763
f    655    763    657
f    655    657    656
f    539    766    765
f    539    765    768
f    539    768    767
f    539    767    658
f    539    658    540
f    764    852    853
f    764    853    854
f    764    854    855
f    764    855    856
f    764    856    857
f    764    857    769
f    764    769    768
f    764    768    765
f    769    857    858
f    769    858    772
f    769    772    770
f    856    859    860
f    856    860    858
f    856    858    857
f    858    860    861
f    858    861    776
f    858    776    774
f    858    774    773
f    858    773    772
f    862    779    777
f    862    777    776
f    862    776    861
f    862    861    863
f    780    779    862
f    780    862    782
f    780    782    781
f    783    864    865
f    783    865    785
f    783    785    784
f    786    785    865
f    786    865    788
f    786    788    787
f    790    789    866
f    790    866    867
f    687    791    790
f    687    790    867
f    687    867    868
f    687    868    688
f    869    870    794
f    869    794    793
f    869    793    792
f    794    870    871
f    794    871    797
f    794    797    796
f    794    796    795
f    594    798    797
f    594    797    871
f    594    871    872
f    594    872    873
f    594    873    700
f    594    700    595
f    703    701    700
f    703    700    873
f    703    873    704
f    707    799    708
f    874    875    802
f    874    802    801
f    874    801    800
f    802    875    876
f    802    876    877
f    802    877    803
f    712    803    877
f    712    877    878
f    712    878    879
f    712    879    880
f    712    880    881
f    712    881    882
f    712    882    714
f    712    714    713
f    714    882    883
f    714    883    804
f    714    804    715
f    883    884    885
f    883    885    808
f    883    808    723
f    883    723    722
f    883    722    807
f    883    807    806
f    883    806    805
f    883    805    804
f    885    886    887
f    885    887    888
f    885    888    889
f    885    889    890
f    885    890    891
f    885    891    810
f    885    810    809
f    885    809    808
f    891    817    814
f    891    814    811
f    891    811    810
f    889    892    893
f    889    893    819
f    889    819    818
f    889    818    890
f    890    818    817
f    890    817    891
f    894    895    896
f    894    896    893
f    894    893    892
f    820    819    893
f    820    893    896
f    820    896    897
f    820    897    821
f    821    897    898
f    821    898    899
f    821    899    900
f    821    900    822
f    822    900    901
f    822    901    825
f    822    825    823
f    826    825    901
f    826    901    902
f    902    901    900
f    902    900    899
f    902    899    903
f    833    831    828
f    833    828    827
f    833    827    826
f    833    826    902
f    833    902    903
f    833    903    904
f    833    904    834
f    834    904    905
f    834    905    906
f    834    906    907
f    834    907    836
f    834    836    835
f    836    907    908
f    836    908    909
f    836    909    910
f    836    910    838
f    836    838    837
f    838    910    911
f    838    911    840
f    838    840    839
f    840    911    912
f    840    912    842
f    840    842    841
f    844    913    914
f    844    914    845
f    845    914    915
f    845    915    916
f    845    916    847
f    845    847    846
f    851    917    852
f    851    852    764
f    851    764    763
f    850    918    917
f    850    917    851
f    855    919    859
f    855    859    856
f    920    919    855
f    920    855    854
f    920    854    921
f    922    863    861
f    922    861    860
f    922    860    859
f    922    859    919
f    922    919    920
f    923    864    783
f    923    783    782
f    923    782    862
f    923    862    863
f    923    863    922
f    788    865    864
f    788    864    923
f    788    923    924
f    788    924    866
f    788    866    789
f    867    866    924
f    867    924    925
f    867    925    926
f    867    926    868
f    688    868    926
f    688    926    689
f    927    928    929
f    927    929    872
f    927    872    871
f    927    871    870
f    927    870    869
f    704    873    872
f    704    872    929
f    704    929    930
f    704    930    931
f    704    931    932
f    704    932    933
f    704    933    709
f    704    709    708
f    704    708    799
f    704    799    705
f    709    933    874
f    709    874    800
f    709    800    710
f    932    879    878
f    932    878    876
f    932    876    875
f    932    875    874
f    932    874    933
f    877    876    878
f    880    934    935
f    880    935    936
f    880    936    937
f    880    937    881
f    881    937    938
f    881    938    884
f    881    884    883
f    881    883    882
f    938    939    940
f    938    940    886
f    938    886    885
f    938    885    884
f    940    941    942
f    940    942    943
f    940    943    944
f    940    944    945
f    940    945    946
f    940    946    947
f    940    947    887
f    940    887    886
f    888    948    894
f    888    894    892
f    888    892    889
f    887    947    949
f    887    949    950
f    887    950    948
f    887    948    888
f    950    951    895
f    950    895    894
f    950    894    948
f    949    952    953
f    949    953    954
f    949    954    951
f    949    951    950
f    896    895    951
f    896    951    954
f    896    954    955
f    896    955    898
f    896    898    897
f    903    899    898
f    903    898    955
f    903    955    905
f    903    905    904
f    905    955    954
f    905    954    953
f    905    953    956
f    905    956    957
f    905    957    906
f    906    957    958
f    906    958    959
f    906    959    908
f    906    908    907
f    908    959    960
f    908    960    961
f    908    961    962
f    908    962    909
f    909    962    963
f    909    963    964
f    909    964    912
f    909    912    911
f    909    911    910
f    842    912    964
f    842    964    965
f    842    965    966
f    842    966    843
f    843    966    913
f    843    913    844
f    847    916    967
f    847    967    848
f    967    916    915
f    967    915    968
f    921    854    853
f    921    853    969
f    969    853    852
f    969    852    917
f    969    917    918
f    969    918    970
f    969    970    971
f    969    971    972
f    925    924    923
f    925    923    922
f    925    922    920
f    925    920    921
f    925    921    969
f    925    969    972
f    925    972    973
f    973    972    971
f    973    971    928
f    973    928    927
f    689    926    925
f    689    925    973
f    689    973    927
f    689    927    869
f    689    869    792
f    689    792    690
f    930    974    975
f    930    975    935
f    930    935    934
f    930    934    931
f    975    976    977
f    975    977    978
f    975    978    936
f    975    936    935
f    931    934    880
f    931    880    879
f    931    879    932
f    977    979    980
f    977    980    981
f    977    981    982
f    977    982    983
f    977    983    978
f    936    978    983
f    936    983    984
f    936    984    985
f    936    985    986
f    936    986    987
f    936    987    988
f    936    988    939
f    936    939    938
f    936    938    937
f    988    989    941
f    988    941    940
f    988    940    939
f    990    991    942
f    990    942    941
f    990    941    989
f    990    989    992
f    990    992    993
f    946    952    949
f    946    949    947
f    944    994    945
f    945    994    956
f    945    956    953
f    945    953    952
f    945    952    946
f    943    958    957
f    943    957    956
f    943    956    994
f    943    994    944
f    960    959    958
f    960    958    943
f    960    943    942
f    960    942    991
f    960    991    995
f    984    982    981
f    984    981    996
f    984    996    997
f    984    997    998
f    984    998    961
f    984    961    960
f    984    960    995
f    984    995    990
f    984    990    993
f    984    993    985
f    963    962    961
f    963    961    998
f    963    998    999
f    963    999   1000
f    963   1000   1001
f   1002   1003    965
f   1002    965    964
f   1002    964    963
f   1002    963   1001
f   1002   1001   1004
f    968    915    914
f    968    914    913
f    968    913    966
f    968    966    965
f    968    965   1003
f    968   1003   1005
f   1005   1003   1002
f   1005   1002   1006
f    849    848    967
f    849    967    968
f    849    968   1005
f    849   1005   1006
f    849   1006   1007
f    849   1007    970
f    849    970    918
f    849    918    850
f   1007   1006   1002
f   1007   1002   1004
f   1007   1004   1008
f   1007   1008   1009
f   1007   1009    976
f   1007    976    975
f   1007    975    974
f    929    928    971
f    929    971    970
f    929    970   1007
f    929   1007    974
f    929    974    930
f   1009   1010    979
f   1009    979    977
f   1009    977    976
f   1011   1012   1013
f   1011   1013   1014
f   1011   1014   1015
f   1011   1015    980
f   1011    980    979
f   1011    979   1010
f    980   1015   1016
f    980   1016   1017
f    980   1017   1018
f    980   1018    996
f    980    996    981
f    987   1019    992
f    987    992    989
f    987    989    988
f    986   1019    987
f    995    991    990
f    985    993    992
f    985    992   1019
f    985   1019    986
f    996   1018   1020
f    996   1020    997
f    999    998    997
f    999    997   1020
f    999   1020   1017
f    999   1017   1016
f    999   1016   1014
f    999   1014   1013
f    999   1013   1021
f    999   1021   1022
f   1004   1001   1000
f   1004   1000   1008
f   1022   1021   1012
f   1022   1012   1011
f   1008   1000    999
f   1008    999   1022
f   1008   1022   1011
f   1008   1011   1010
f   1008   1010   1009
f   1016   1015   1014
f    983    982    984
f   1020   1018   1017
f   1013   1012   1021
f    558    669    668
f    558    668    775
f    558    775    778
f    558    778    672
f    558    672    671
f    558    671    561
f    558    561    560
f    558    560    559
