v     0.295125    -0.036144     0.378932
v     0.514703    -0.255722     0.378932
v     0.621211    -0.255722     0.368442
v     0.632298    -0.252942     0.367076
v     0.433897    -0.054542     0.367076
v    -0.070654     0.323746     0.315721
v    -0.286554     0.295123     0.297276
v    -0.478118     0.103559     0.297276
v    -0.088235     0.005794     0.345305
v     0.219940     0.005794     0.375658
v     0.153991    -0.236432     0.345305
v     0.514703    -0.284254     0.376122
v     0.520805    -0.290930     0.374864
v     0.595968    -0.280965     0.368442
v     0.723056    -0.166787     0.337989
v     0.709395    -0.215745     0.348284
v     0.714063    -0.213763     0.346619
v     0.723121    -0.207360     0.343067
v     0.738527    -0.194115     0.336730
v     0.728045    -0.168809     0.336730
v     0.572214    -0.015946     0.337989
v     0.643085    -0.252942     0.365303
v     0.683920    -0.233384     0.355373
v     0.692449    -0.228978     0.353246
v     0.480992     0.209149     0.281169
v    -0.054121     0.430800     0.281169
v    -0.070654     0.432057     0.282865
v    -0.174928     0.553340     0.232972
v    -0.187279     0.560238     0.229328
v    -0.239455     0.578405     0.217261
v    -0.354043     0.605595     0.194615
v    -0.492440     0.595075     0.180417
v    -0.842242     0.450182     0.180417
v    -0.851467     0.449671     0.178984
v    -0.905002     0.396136     0.178984
v    -0.915397     0.378023     0.180253
v    -0.879504     0.249392     0.207304
v    -0.850080     0.226415     0.215919
v    -0.593572     0.103559     0.278293
v    -0.923441     0.368485     0.179012
v    -0.952441     0.298474     0.179012
v    -0.953082     0.290035     0.179877
v    -0.931470     0.271453     0.188768
v    -0.780728     0.058985     0.215919
v    -0.623761    -0.004628     0.255542
v    -0.272851    -0.355538     0.255542
v    -0.267122    -0.369673     0.251974
v     0.243690    -0.581258     0.251974
v     0.304647    -0.585892     0.258228
v     0.309721    -0.583733     0.259520
v     0.332414    -0.571061     0.266215
v     0.368517    -0.543901     0.278991
v     0.486007    -0.407246     0.335207
v     0.491575    -0.399369     0.338296
v     0.520805    -0.330520     0.362854
v     0.584884    -0.303978     0.362854
v     0.608143    -0.284362     0.365882
v     0.617107    -0.279218     0.365254
v     0.643150    -0.253175     0.365254
v     0.660465    -0.246158     0.360883
v     0.770215    -0.167369     0.318220
v     0.764581    -0.183266     0.323509
v     0.782912    -0.172661     0.312191
v     0.780423    -0.163373     0.312191
v     0.753603    -0.189360     0.329352
v     0.761437    -0.185762     0.325317
v     0.760798     0.027184     0.239643
v     0.484222     0.303760     0.239643
v     0.798460    -0.139222     0.294286
v     0.453663     0.427589     0.191528
v     0.381912     0.500942     0.172644
v     0.175964     0.512349     0.204628
v     0.103939     0.531648     0.204628
v     0.071069     0.536129     0.206940
v    -0.571120     0.668869     0.129704
v    -0.615873     0.677208     0.118837
v    -0.661197     0.674037     0.114041
v    -0.691966     0.665793     0.114041
v    -0.732312     0.663558     0.107775
v    -0.784824     0.609873     0.121596
v    -0.840947     0.525635     0.147993
v    -0.852466     0.478958     0.166130
v    -0.891423     0.440001     0.166130
v    -0.900361     0.416642     0.172251
v    -0.924446     0.367502     0.178753
v    -0.955877     0.311988     0.175102
v    -0.956060     0.308686     0.175614
v    -0.961058     0.290035     0.175614
v    -0.961967     0.289508     0.175053
v    -0.970680     0.281372     0.169230
v    -0.953894     0.218724     0.169230
v    -0.950805     0.216900     0.170620
v    -0.789073     0.058700     0.212257
v    -0.742478    -0.147175     0.144654
v    -0.275469    -0.614184     0.144654
v    -0.251214    -0.712468     0.106465
v    -0.230989    -0.733145     0.101141
v    -0.191087    -0.735355     0.107338
v    -0.183929    -0.737273     0.107338
v    -0.169543    -0.738280     0.108860
v    -0.160005    -0.736972     0.110925
v    -0.114545    -0.728502     0.121964
v    -0.078725    -0.720772     0.131226
v    -0.043627    -0.710541     0.141721
v     0.187485    -0.633759     0.215862
v     0.248219    -0.612751     0.235789
v     0.265457    -0.605929     0.241905
v     0.298721    -0.589578     0.255409
v     0.382988    -0.540024     0.278991
v     0.404668    -0.524508     0.284179
v     0.448537    -0.470699     0.306657
v     0.630417    -0.276205     0.360883
v     0.700553    -0.226978     0.350097
v     0.813642    -0.139856     0.283318
v     0.803442    -0.168105     0.296300
v     0.811336    -0.168105     0.289821
v     0.824943    -0.157425     0.276912
v     0.821103    -0.138121     0.276912
v     0.785281    -0.172661     0.310460
v     0.861799     0.026554     0.164895
v     0.838550     0.128848     0.131377
v     0.777218     0.220637     0.131377
v     0.848966    -0.099205     0.236880
v     0.858572    -0.055134     0.207856
v     0.746534     0.347369     0.081829
v     0.732619     0.372491     0.076048
v     0.718501     0.393934     0.072269
v     0.688408     0.424027     0.072269
v     0.616582     0.441418     0.100350
v     0.556609     0.481490     0.100350
v     0.396397     0.517903     0.152847
v     0.386769     0.515804     0.159187
v     0.381451     0.511996     0.164658
v     0.032487     0.543804     0.206940
v    -0.646351     0.683790     0.108461
v    -0.681025     0.681197     0.104928
v    -0.683659     0.681212     0.104401
v    -0.724618     0.678312     0.098502
v    -0.730250     0.673132     0.101184
v    -0.732083     0.669042     0.103814
v    -0.763973     0.647733     0.103814
v    -0.777031     0.627485     0.112377
v    -0.842833     0.523750     0.147993
v    -0.887614     0.455733     0.159979
v    -0.919936     0.387346     0.172251
v    -0.966079     0.300895     0.169819
v    -0.967921     0.299432     0.168547
v    -0.968826     0.297895     0.168055
v    -0.972187     0.280994     0.168055
v    -0.972757     0.280460     0.167535
v    -0.982265     0.272997     0.158513
v    -0.997211     0.256306     0.143523
v    -0.991623     0.228212     0.143523
v    -0.991130     0.221253     0.142520
v    -0.990198     0.220240     0.143003
v    -0.964408     0.106763     0.105820
v    -0.748368    -0.216564     0.105820
v    -0.732012    -0.284117     0.079409
v    -0.711293    -0.315585     0.073864
v    -0.524371    -0.545977     0.051439
v    -0.358444    -0.711904     0.051439
v    -0.354888    -0.714246     0.052066
v    -0.333414    -0.719445     0.060462
v    -0.303623    -0.739350     0.060462
v    -0.274656    -0.745934     0.069953
v    -0.240079    -0.744568     0.088138
v    -0.231515    -0.742701     0.093778
v    -0.230617    -0.742058     0.094702
v    -0.216483    -0.743059     0.096738
v    -0.202003    -0.742977     0.099632
v    -0.198164    -0.742413     0.100796
v     0.319897    -0.581709     0.259520
v     0.338459    -0.574294     0.262575
v     0.339565    -0.573643     0.262929
v     0.355022    -0.565744     0.265674
v     0.687372    -0.281040     0.329008
v     0.668477    -0.323740     0.306657
v     0.703752    -0.264660     0.329008
v     0.716602    -0.258974     0.322282
v     0.765637    -0.185587     0.322282
v     0.786563    -0.176211     0.308829
v     0.810761    -0.170996     0.289821
v     0.849505    -0.105508     0.237684
v     0.833169    -0.155674     0.267270
v     0.843106    -0.155674     0.255162
v     0.846246    -0.152125     0.250651
v     0.853791    -0.140922     0.239296
v     0.852380    -0.123662     0.237684
v     0.825419    -0.157425     0.276376
v     0.863682     0.045811     0.151318
v     0.847301     0.111348     0.131569
v     0.843415     0.122642     0.129400
v     0.838802     0.131694     0.129400
v     0.814216     0.220843     0.097300
v     0.757214     0.329904     0.082737
v     0.820206     0.201180     0.103860
v     0.819547     0.203482     0.103053
v     0.712952     0.406391     0.065784
v     0.697941     0.431116     0.056663
v     0.687247     0.441810     0.056663
v     0.684197     0.448257     0.052617
v     0.675027     0.456485     0.050689
v     0.575364     0.483157     0.087322
v     0.565114     0.488380     0.087322
v     0.412534     0.526516     0.133302
v     0.038086     0.545627     0.203637
v    -0.093611     0.566486     0.203637
v    -0.660088     0.687521     0.101263
v    -0.688720     0.685181     0.098588
v    -0.693516     0.684422     0.098588
v    -0.724273     0.681791     0.094667
v    -0.727324     0.683420     0.090972
v    -0.743452     0.675202     0.090972
v    -0.744045     0.674359     0.091600
v    -0.756787     0.662925     0.094279
v    -0.812360     0.592156     0.112377
v    -0.911566     0.429040     0.154367
v    -0.920631     0.395167     0.166817
v    -0.966487     0.305170     0.166817
v    -0.983880     0.277958     0.155587
v    -1.002653     0.257559     0.136649
v    -1.003030     0.255177     0.136649
v    -1.002208     0.255177     0.137651
v    -1.012562     0.223382     0.118899
v    -1.019224     0.236875     0.113385
v    -1.022033     0.232703     0.109157
v    -1.020378     0.222252     0.109157
v    -1.027686     0.208561     0.092574
v    -1.017995     0.169788     0.080890
v    -0.967598     0.070877     0.080890
v    -0.962516     0.051887     0.073910
v    -0.842996    -0.143558     0.063749
v    -0.817015    -0.185335     0.061975
v    -0.769912    -0.241879     0.070529
v    -0.511455    -0.562064     0.048462
v    -0.508380    -0.565745     0.047894
v    -0.365570    -0.708555     0.047894
v    -0.364487    -0.709212     0.048293
v    -0.340243    -0.727387     0.048987
v    -0.332909    -0.731872     0.049368
v    -0.304630    -0.739440     0.059762
v    -0.302594    -0.740477     0.059762
v    -0.279045    -0.746363     0.066859
v    -0.222960    -0.743433     0.094869
v    -0.218085    -0.743581     0.095793
v    -0.210842    -0.744173     0.096469
v    -0.202713    -0.743088     0.099361
v     0.268283    -0.604839     0.242688
v     0.300286    -0.590088     0.254486
v     0.403220    -0.553697     0.251149
v     0.411649    -0.550797     0.249531
v     0.454541    -0.528942     0.249531
v     0.520189    -0.511373     0.225401
v     0.613682    -0.462508     0.212917
v     0.645309    -0.443167     0.211273
v     0.661636    -0.428518     0.214706
v     0.840141    -0.250907     0.213866
v     0.754666    -0.387076     0.166270
v     0.774139    -0.375253     0.159087
v     0.861952    -0.287440     0.159087
v     0.854124    -0.259844     0.192347
v     0.834145    -0.183467     0.260717
v     0.833824    -0.183237     0.261153
v     0.858141    -0.220715     0.210828
v     0.838602    -0.184111     0.255162
v     0.860704    -0.246928     0.192347
v     0.861663    -0.087231     0.211344
v     0.866855    -0.140922     0.214855
v     0.863102    -0.098159     0.211344
v     0.848829     0.107658     0.131569
v     0.864649     0.049184     0.146980
v     0.713487     0.405694     0.065784
v     0.731577     0.374681     0.075015
v     0.692999     0.440657     0.051186
v     0.685559     0.448097     0.051186
v     0.678914     0.457250     0.044627
v     0.674088     0.460954     0.044627
v     0.668600     0.467911     0.038305
v     0.664622     0.470867     0.036893
v     0.599988     0.489966     0.057912
v     0.538909     0.515266     0.057912
v     0.408310     0.550599     0.092331
v     0.381361     0.565779     0.073238
v     0.034645     0.599167     0.110906
v    -0.342163     0.648775     0.110906
v    -0.680803     0.696497     0.079368
v    -0.681671     0.696627     0.078910
v    -0.700103     0.695010     0.077397
v    -0.718029     0.692650     0.077397
v    -0.726578     0.691826     0.076468
v    -0.727852     0.684560     0.088830
v    -0.726989     0.691944     0.075940
v    -0.740756     0.686242     0.075940
v    -0.741254     0.685170     0.077527
v    -0.741394     0.684993     0.077689
v    -0.769700     0.663273     0.077689
v    -0.771184     0.661229     0.079154
v    -0.798155     0.634257     0.079154
v    -0.810121     0.611158     0.092413
v    -0.927876     0.457697     0.092413
v    -0.944838     0.422046     0.109227
v    -0.965529     0.394206     0.099342
v    -0.969870     0.379514     0.104120
v    -1.021774     0.254206     0.104120
v    -1.023216     0.252542     0.102057
v    -1.028710     0.247171     0.093103
v    -1.030858     0.243770     0.089922
v    -1.032479     0.231456     0.089922
v    -1.027428     0.231456     0.099371
v    -1.038464     0.220403     0.076003
v    -1.036991     0.209216     0.076003
v    -1.033024     0.209497     0.083495
v    -1.038454     0.204117     0.069444
v    -1.036544     0.197055     0.067583
v    -1.018713     0.154009     0.067583
v    -1.014452     0.139587     0.062893
v    -0.979636     0.074922     0.065731
v    -0.738396    -0.282952     0.070529
v    -0.503667    -0.571362     0.046817
v    -0.367445    -0.707584     0.046817
v    -0.341714    -0.726687     0.048293
v    -0.331002    -0.733289     0.048691
v    -0.306132    -0.740638     0.056779
v    -0.297829    -0.744077     0.056779
v    -0.284061    -0.747802     0.060407
v    -0.234778    -0.745079     0.088714
v    -0.230453    -0.745342     0.089451
v    -0.222975    -0.745999     0.090065
v    -0.070796    -0.719728     0.131226
v     0.235798    -0.617793     0.230409
v     0.381814    -0.562564     0.251149
v     0.489931    -0.527665     0.224074
v     0.726437    -0.404570     0.173010
v     0.749081    -0.391361     0.166270
v     0.835202    -0.343622     0.124035
v     0.835831    -0.343119     0.123883
v     0.855207    -0.323743     0.123883
v     0.860620    -0.313294     0.129881
v     0.863521    -0.288677     0.155745
v     0.867104    -0.304844     0.129881
v     0.868250    -0.302435     0.131017
v     0.867056    -0.289863     0.148554
v     0.864136    -0.288547     0.154911
v     0.862606    -0.254921     0.183269
v     0.870350    -0.281911     0.148554
v     0.859672    -0.204816     0.212555
v     0.865120    -0.163434     0.212555
v     0.867055    -0.141385     0.214365
v     0.875399    -0.015109     0.139958
v     0.889627    -0.141385     0.139958
v     0.868945     0.047779     0.134348
v     0.869085     0.052581     0.128303
v     0.848677     0.110904     0.128303
v     0.747572     0.349225     0.075015
v     0.696289     0.436734     0.050542
v     0.693015     0.440651     0.051160
v     0.680675     0.456877     0.041000
v     0.678107     0.459445     0.041000
v     0.671412     0.467284     0.034777
v     0.659511     0.482601     0.010547
v     0.662317     0.480838     0.010547
v     0.644434     0.493394    -0.001910
v     0.581227     0.513282     0.015329
v     0.649105     0.490717     0.000123
v     0.555741     0.522200     0.015329
v     0.447896     0.552772     0.039119
v     0.380189     0.569361     0.062705
v    -0.137554     0.637523     0.062705
v    -0.247192     0.650412     0.067454
v    -0.296756     0.655498     0.071876
v    -0.572572     0.686575     0.071876
v    -0.705756     0.699350     0.060990
v    -0.714052     0.698589     0.060416
v    -0.719858     0.697935     0.060416
v    -0.692086     0.698711     0.068174
v    -0.725995     0.697305     0.059869
v    -0.727432     0.692914     0.072781
v    -0.728499     0.696885     0.058355
v    -0.739092     0.693178     0.058355
v    -0.738857     0.692378     0.061285
v    -0.726921     0.697332     0.058703
v    -0.741230     0.686928     0.073522
v    -0.745604     0.691797     0.049974
v    -0.760005     0.682749     0.049974
v    -0.744680     0.692259     0.050343
v    -0.763181     0.680989     0.048414
v    -0.771570     0.677758     0.034931
v    -0.796340     0.658920     0.019421
v    -0.834304     0.620956     0.019421
v    -0.867252     0.592820    -0.006731
v    -0.908885     0.543010    -0.014589
v    -0.914812     0.536439    -0.020147
v    -0.998600     0.403092    -0.020147
v    -1.013451     0.373332    -0.008253
v    -1.018673     0.364222    -0.012219
v    -1.024017     0.347236    -0.007587
v    -1.045445     0.286000    -0.007587
v    -1.052187     0.262217    -0.002340
v    -1.051511     0.239050     0.026822
v    -1.044642     0.239260     0.049391
v    -1.041849     0.220403     0.065599
v    -1.052540     0.229918     0.026822
v    -1.052436     0.229395     0.027361
v    -1.050192     0.220270     0.038145
v    -1.042311     0.220270     0.064127
v    -1.049188     0.211359     0.038145
v    -1.048884     0.210565     0.038855
v    -1.046551     0.206132     0.044898
v    -1.044414     0.206067     0.051919
v    -1.036948     0.178687     0.044898
v    -1.035577     0.176446     0.046845
v    -0.977161     0.069964     0.063749
v    -0.811168    -0.195887     0.056794
v    -0.498598    -0.577279     0.044600
v    -0.367474    -0.708403     0.044600
v    -0.367015    -0.708752     0.044887
v    -0.346952    -0.725521     0.041722
v    -0.339993    -0.731799     0.035835
v    -0.328508    -0.739015     0.035835
v    -0.323564    -0.742870     0.030883
v    -0.323090    -0.743302     0.030002
v    -0.304466    -0.749819     0.030002
v    -0.303923    -0.749972     0.030122
v    -0.283545    -0.749378     0.055773
v    -0.271892    -0.750574     0.056813
v    -0.268017    -0.751011     0.056813
v    -0.258510    -0.751882     0.057471
v    -0.250524    -0.751509     0.061668
v    -0.114236    -0.731815     0.110925
v    -0.106222    -0.729734     0.114809
v    -0.076414    -0.721801     0.127128
v     0.390223    -0.562170     0.242688
v     0.477813    -0.534610     0.218798
v     0.713530    -0.412680     0.173010
v     0.835119    -0.343691     0.124022
v     0.849687    -0.332582     0.115207
v     0.860458    -0.321811     0.115207
v     0.864001    -0.318786     0.112395
v     0.871546    -0.300999     0.123618
v     0.864530    -0.318431     0.111449
v     0.873017    -0.304923     0.111449
v     0.873565    -0.301593     0.116224
v     0.872398    -0.282846     0.141884
v     0.876125    -0.281627     0.130923
v     0.876466    -0.293304     0.116224
v     0.878784    -0.255715     0.133235
v     0.891025    -0.147074     0.133235
v     0.894077    -0.146220     0.105297
v     0.910211    -0.146220    -0.058513
v     0.910211    -0.095819    -0.108914
v     0.909660    -0.084037    -0.115105
v     0.902557    -0.011917    -0.115105
v     0.901371    -0.000632    -0.114347
v     0.895269     0.029060    -0.082085
v     0.894077     0.029539    -0.070463
v     0.869390     0.052785     0.125396
v     0.892741    -0.147074     0.118004
v     0.862500     0.137084    -0.082085
v     0.861826     0.139175    -0.081642
v     0.844126     0.181340    -0.027122
v     0.837260     0.196287    -0.014467
v     0.723635     0.408863    -0.014467
v     0.721326     0.412921    -0.016053
v     0.716797     0.418992    -0.011333
v     0.667987     0.478467    -0.011333
v     0.667498     0.477977    -0.002061
v     0.662536     0.481076     0.008065
v     0.664644     0.481809    -0.017569
v     0.657344     0.487801    -0.017569
v     0.657046     0.488001    -0.017108
v     0.656903     0.487587    -0.011578
v     0.649633     0.491964    -0.017108
v     0.642434     0.495270    -0.011013
v     0.616073     0.504494    -0.011013
v     0.569633     0.519470    -0.001153
v     0.545349     0.526836    -0.001153
v    -0.558157     0.685449     0.067454
v    -0.568870     0.686575     0.068174
v    -0.721501     0.698589     0.052968
v    -0.713779     0.699350     0.052968
v    -0.726203     0.698095     0.052652
v    -0.739355     0.695293     0.039464
v    -0.742719     0.694272     0.039464
v    -0.742731     0.694088     0.041471
v    -0.731806     0.696943     0.046564
v    -0.766794     0.683355     0.017475
v    -0.766775     0.683300     0.018209
v    -0.753652     0.689683     0.025327
v    -0.762926     0.685423     0.017475
v    -0.795302     0.663401    -0.018323
v    -0.814835     0.647370    -0.018323
v    -0.784487     0.671467    -0.009915
v    -0.840483     0.624743    -0.034742
v    -0.858680     0.606546    -0.034742
v    -0.875708     0.587244    -0.047098
v    -0.923745     0.528711    -0.047098
v    -0.934034     0.514918    -0.057822
v    -0.984671     0.434330    -0.057822
v    -0.989388     0.426042    -0.054582
v    -1.020743     0.367381    -0.054582
v    -1.025572     0.356870    -0.045683
v    -1.036569     0.325442    -0.045683
v    -1.039449     0.316512    -0.043787
v    -1.048983     0.285081    -0.043787
v    -1.051757     0.272396    -0.031855
v    -1.054174     0.260633    -0.019074
v    -1.053641     0.260848    -0.013878
v    -1.053641     0.230622     0.016348
v    -1.055211     0.250106    -0.019074
v    -1.055211     0.230622     0.000410
v    -1.052436     0.214417     0.012383
v    -1.054642     0.224843     0.000410
v    -1.052505     0.214445     0.011708
v    -1.045838     0.195069     0.020470
v    -1.049052     0.203063     0.011708
v    -1.048583     0.201607     0.012017
v    -1.039622     0.181536     0.031928
v    -0.994035     0.096250     0.031928
v    -0.972589     0.058573     0.046658
v    -0.816368    -0.190052     0.046658
v    -0.815292    -0.191672     0.047042
v    -0.813930    -0.193498     0.048462
v    -0.483099    -0.594846     0.033354
v    -0.372984    -0.704961     0.033354
v    -0.357167    -0.718915     0.023228
v    -0.336378    -0.735977     0.023228
v    -0.329941    -0.740779     0.018224
v    -0.323224    -0.743475     0.028302
v    -0.325554    -0.743726     0.011433
v    -0.319801    -0.746801     0.011433
v    -0.319640    -0.746869     0.011642
v    -0.319642    -0.746836     0.011997
v    -0.312719    -0.748968     0.011642
v    -0.308012    -0.749997     0.016069
v    -0.302933    -0.751041     0.021587
v    -0.302946    -0.751011     0.021884
v    -0.294394    -0.751882     0.021587
v    -0.184482    -0.745004     0.061668
v    -0.166245    -0.743088     0.062892
v    -0.165302    -0.742981     0.062892
v     0.254715    -0.621355     0.127128
v     0.312510    -0.602718     0.139398
v     0.460369    -0.550980     0.139398
v     0.470410    -0.546367     0.130897
v     0.741598    -0.401414     0.130897
v     0.800335    -0.367981     0.107934
v     0.830506    -0.349023     0.107934
v     0.837641    -0.343701     0.102387
v     0.855970    -0.328659     0.102387
v     0.861085    -0.324146     0.099112
v     0.864609    -0.318504     0.110626
v     0.873003    -0.312227     0.076878
v     0.872188    -0.311947     0.087759
v     0.874534    -0.306101     0.096529
v     0.874542    -0.310372     0.070713
v     0.879302    -0.303287     0.059746
v     0.877044    -0.303427     0.084356
v     0.878735    -0.294821     0.094565
v     0.880449    -0.301216     0.053989
v     0.886008    -0.287973     0.036866
v     0.887089    -0.284872     0.030370
v     0.892741    -0.259022     0.006056
v     0.901287    -0.217438    -0.039128
v     0.905850    -0.189001    -0.057019
v     0.908188    -0.166753    -0.058513
v     0.908198    -0.076730    -0.122638
v     0.904597    -0.052796    -0.135271
v     0.902557    -0.037517    -0.140705
v     0.899297    -0.016592    -0.148716
v     0.897039     0.003447    -0.148716
v     0.892962     0.014069    -0.158211
v     0.879513     0.050513    -0.184794
v     0.878530     0.052503    -0.187009
v     0.866601     0.080936    -0.202323
v     0.856393     0.106083    -0.213216
v     0.847760     0.128464    -0.219416
v     0.833420     0.169445    -0.219416
v     0.823062     0.186382    -0.234134
v     0.783935     0.254649    -0.263856
v     0.720520     0.412644    -0.026797
v     0.783251     0.255525    -0.264734
v     0.772107     0.271208    -0.273261
v     0.722473     0.350200    -0.273261
v     0.718863     0.356716    -0.270062
v     0.707574     0.385194    -0.226396
v     0.687254     0.437947    -0.141608
v     0.686764     0.440099    -0.135905
v     0.687744     0.440999    -0.125688
v     0.663175     0.480340    -0.045402
v     0.682390     0.446617    -0.124253
v     0.666888     0.471347    -0.074098
v     0.662325     0.480570    -0.048774
v     0.662500     0.480761    -0.046779
v     0.657078     0.487029    -0.027869
v     0.653755     0.488363    -0.032854
v     0.652936     0.488864    -0.032142
v     0.598265     0.507994    -0.032142
v     0.590255     0.510265    -0.033909
v    -0.169481     0.640800     0.059856
v    -0.565755     0.685449     0.059856
v    -0.713779     0.699019     0.049609
v    -0.724156     0.696943     0.038913
v    -0.731966     0.695023     0.029682
v    -0.740516     0.694060     0.029682
v    -0.750101     0.690381     0.021113
v    -0.767267     0.681349    -0.002285
v    -0.777096     0.674434    -0.021005
v    -0.774824     0.675991    -0.017139
v    -0.780681     0.670635    -0.031230
v    -0.792840     0.659577    -0.053819
v    -0.805480     0.651636    -0.053819
v    -0.816769     0.641452    -0.063369
v    -0.825760     0.633937    -0.064787
v    -0.881761     0.577552    -0.066877
v    -0.828008     0.631305    -0.066877
v    -0.933271     0.515578    -0.060124
v    -0.884694     0.573695    -0.069292
v    -0.987588     0.427062    -0.068727
v    -0.942978     0.498058    -0.068727
v    -0.995675     0.411049    -0.074053
v    -1.020638     0.367493    -0.055090
v    -0.994371     0.413469    -0.074159
v    -1.027530     0.345590    -0.061064
v    -1.039117     0.312477    -0.061064
v    -1.043050     0.298601    -0.064125
v    -1.044932     0.293502    -0.060405
v    -1.047701     0.286288    -0.053957
v    -1.051757     0.261697    -0.042555
v    -1.049385     0.271344    -0.053957
v    -1.054235     0.250106    -0.028982
v    -1.054052     0.250223    -0.030728
v    -1.054235     0.224679    -0.003555
v    -1.052889     0.239003    -0.029826
v    -1.053332     0.223828    -0.010725
v    -1.052933     0.240296    -0.030728
v    -1.052685     0.221547    -0.010222
v    -1.048515     0.209631    -0.010222
v    -1.044683     0.197450    -0.006899
v    -1.002409     0.117113     0.000625
v    -1.028960     0.170019    -0.018842
v    -1.026924     0.166237    -0.019008
v    -0.868308    -0.096307     0.000625
v    -0.504754    -0.563199    -0.011568
v    -0.494183    -0.577099    -0.002865
v    -0.344381    -0.726901    -0.002865
v    -0.338380    -0.731464    -0.006622
v    -0.330309    -0.738211    -0.005349
v    -0.328915    -0.739468    -0.004170
v    -0.325462    -0.743459     0.007872
v    -0.321197    -0.745171     0.001472
v    -0.321230    -0.744297    -0.004170
v    -0.320812    -0.744676    -0.003395
v    -0.319822    -0.746461     0.007728
v    -0.314622    -0.747483     0.001559
v    -0.318257    -0.745571    -0.003395
v    -0.313832    -0.747786     0.002266
v    -0.298104    -0.749997     0.006160
v    -0.306232    -0.748643     0.002266
v    -0.294394    -0.750502     0.007573
v    -0.258175    -0.745004    -0.012026
v    -0.221565    -0.738195    -0.035848
v    -0.153582    -0.730535    -0.035848
v    -0.092095    -0.706934    -0.090812
v     0.001632    -0.672347    -0.159178
v     0.016079    -0.668251    -0.155991
v     0.406600    -0.531602    -0.155991
v     0.526271    -0.493947    -0.123352
v     0.572232    -0.467605    -0.143362
v     0.654862    -0.426369    -0.110337
v     0.737008    -0.374753    -0.110337
v     0.816871    -0.330505    -0.071121
v     0.858922    -0.314306    -0.003532
v     0.861057    -0.316633     0.020720
v     0.873212    -0.309042     0.045525
v     0.870178    -0.303050    -0.003532
v     0.874793    -0.299953     0.004717
v     0.877396    -0.302342     0.031852
v     0.879197    -0.300785     0.037284
v     0.883909    -0.285445     0.004717
v     0.885011    -0.286300     0.015550
v     0.886306    -0.284920     0.021832
v     0.887633    -0.262814    -0.027728
v     0.895669    -0.237276    -0.034693
v     0.895755    -0.236954    -0.034823
v     0.905470    -0.175982    -0.073408
v     0.907052    -0.129593    -0.105754
v     0.908188    -0.118524    -0.106742
v     0.908845    -0.110717    -0.107883
v     0.892258     0.009320    -0.162293
v     0.878659     0.051523    -0.187009
v     0.823288     0.181557    -0.238989
v     0.818664     0.189025    -0.243182
v     0.789054     0.241515    -0.264734
v     0.763771     0.280068    -0.281821
v     0.733853     0.320323    -0.296115
v     0.729899     0.325972    -0.297363
v     0.726078     0.334004    -0.293575
v     0.719815     0.342166    -0.293575
v     0.718603     0.350792    -0.281125
v     0.698157     0.407587    -0.192473
v     0.687078     0.437699    -0.142716
v     0.696183     0.411835    -0.186180
v     0.686543     0.437818    -0.143386
v     0.685845     0.438685    -0.142063
v     0.647083     0.472276    -0.094027
v     0.592654     0.502934    -0.055466
v     0.431788     0.518425    -0.072942
v    -0.323978     0.617923    -0.072942
v    -0.699530     0.650884    -0.103777
v    -0.730416     0.664267    -0.071132
v    -0.731966     0.669646    -0.053977
v    -0.783691     0.657253    -0.071132
v    -0.784488     0.658998    -0.065448
v    -0.792559     0.658620    -0.057327
v    -0.785093     0.655820    -0.073468
v    -0.790365     0.651250    -0.080003
v    -0.796958     0.648520    -0.080003
v    -0.800657     0.645039    -0.083577
v    -0.801761     0.642664    -0.087095
v    -0.804306     0.639438    -0.090026
v    -0.833163     0.617295    -0.090026
v    -0.873251     0.577906    -0.088202
v    -0.834671     0.615218    -0.091515
v    -0.868627     0.581262    -0.091515
v    -0.946435     0.482530    -0.088202
v    -0.952466     0.469855    -0.094180
v    -1.001622     0.390924    -0.080598
v    -1.028441     0.326177    -0.080598
v    -1.033866     0.306123    -0.085883
v    -1.034381     0.305209    -0.085235
v    -1.037383     0.300456    -0.080789
v    -1.039769     0.282338    -0.080789
v    -1.042525     0.277246    -0.074377
v    -1.044647     0.272350    -0.069202
v    -1.048136     0.271344    -0.058074
v    -1.052481     0.241997    -0.032849
v    -1.044372     0.270261    -0.069202
v    -1.049264     0.225604    -0.026294
v    -1.035732     0.192934    -0.026294
v    -0.877589    -0.054616    -0.051665
v    -0.903924     0.000738    -0.077772
v    -0.484824    -0.566477    -0.051665
v    -0.482228    -0.571487    -0.048789
v    -0.352781    -0.700934    -0.048789
v    -0.346358    -0.709784    -0.042447
v    -0.315554    -0.733420    -0.042447
v    -0.320391    -0.740418    -0.017787
v    -0.320211    -0.740833    -0.016857
v    -0.318399    -0.740918    -0.018680
v    -0.314874    -0.733356    -0.043395
v    -0.318208    -0.740657    -0.019612
v    -0.308973    -0.739289    -0.027550
v    -0.304525    -0.727406    -0.065865
v    -0.210930    -0.689339    -0.192957
v    -0.211872    -0.686032    -0.203499
v    -0.207454    -0.683640    -0.209063
v    -0.026228    -0.659781    -0.209063
v     0.006784    -0.656602    -0.205476
v     0.233497    -0.561637    -0.257394
v     0.331493    -0.535124    -0.231567
v     0.072260    -0.619721    -0.251865
v     0.089398    -0.612399    -0.256264
v     0.142171    -0.592713    -0.260316
v     0.397410    -0.507820    -0.231567
v     0.415316    -0.501659    -0.228129
v     0.578389    -0.453470    -0.175097
v     0.579922    -0.452331    -0.175642
v     0.602646    -0.438435    -0.174460
v     0.652484    -0.410830    -0.162991
v     0.720665    -0.378391    -0.130834
v     0.730656    -0.370725    -0.130834
v     0.734588    -0.368338    -0.129384
v     0.810706    -0.328907    -0.085690
v     0.817826    -0.327907    -0.075414
v     0.838186    -0.313128    -0.060824
v     0.868607    -0.301935    -0.010555
v     0.864397    -0.278969    -0.060824
v     0.875705    -0.270048    -0.050548
v     0.877946    -0.267034    -0.049478
v     0.892348    -0.218293    -0.065328
v     0.897176    -0.206638    -0.065328
v     0.905989    -0.125888    -0.110520
v     0.904838    -0.114110    -0.118823
v     0.906615    -0.095656    -0.120828
v     0.906791    -0.092765    -0.121321
v     0.864474     0.072588    -0.208359
v     0.863994     0.073131    -0.209048
v     0.860417     0.080677    -0.213216
v     0.763553     0.275286    -0.285854
v     0.752907     0.282926    -0.296115
v     0.721195     0.332091    -0.303848
v     0.720865     0.332458    -0.303925
v     0.719731     0.342083    -0.293814
v     0.720017     0.332860    -0.304458
v     0.713782     0.339095    -0.304458
v     0.716443     0.342470    -0.297269
v     0.715937     0.344875    -0.294006
v     0.710179     0.338072    -0.308801
v     0.705992     0.340206    -0.308801
v     0.707988     0.344513    -0.300710
v     0.701230     0.337664    -0.314569
v     0.651154     0.341947    -0.320952
v     0.374933     0.385696    -0.320952
v     0.185222     0.428850    -0.298017
v     0.135066     0.442817    -0.287478
v    -0.622212     0.622510    -0.137817
v    -0.694191     0.643491    -0.116293
v    -0.696383     0.644346    -0.115234
v    -0.699530     0.646465    -0.112045
v    -0.736517     0.643442    -0.108590
v    -0.739217     0.643015    -0.108590
v    -0.788079     0.638835    -0.102361
v    -0.791139     0.640469    -0.098655
v    -0.791949     0.642218    -0.095370
v    -0.805643     0.633078    -0.098655
v    -0.823441     0.616541    -0.103314
v    -0.806722     0.631543    -0.099799
v    -0.824802     0.613664    -0.105120
v    -0.826701     0.610719    -0.106365
v    -0.870292     0.567128    -0.106365
v    -0.902404     0.516265    -0.117554
v    -0.942091     0.472035    -0.108255
v    -0.875327     0.555825    -0.112250
v    -0.882871     0.544367    -0.114269
v    -0.898531     0.521492    -0.117331
v    -0.945146     0.460621    -0.112450
v    -0.999903     0.353154    -0.112450
v    -1.006353     0.332221    -0.116525
v    -1.011321     0.322499    -0.114798
v    -1.021403     0.309147    -0.106448
v    -1.022323     0.308147    -0.105520
v    -1.003282     0.339635    -0.116525
v    -1.025813     0.286114    -0.105520
v    -1.028161     0.283460    -0.102147
v    -1.028839     0.283460    -0.100960
v    -1.033694     0.282338    -0.092155
v    -1.036631     0.270810    -0.083820
v    -1.032223     0.270037    -0.091318
v    -1.026458     0.272709    -0.102147
v    -1.021545     0.270165    -0.107642
v    -1.017683     0.267393    -0.111365
v    -0.879164    -0.004466    -0.111365
v    -0.527505    -0.374357    -0.221091
v    -0.500255    -0.435530    -0.189242
v    -0.825662    -0.042074    -0.151230
v    -0.249579    -0.686205    -0.189242
v    -0.255243    -0.693392    -0.173938
v    -0.272219    -0.704765    -0.140174
v    -0.280520    -0.709450    -0.124709
v    -0.239013    -0.683208    -0.201977
v    -0.239536    -0.684338    -0.199854
v    -0.243708    -0.690605    -0.187102
v    -0.249635    -0.693136    -0.178667
v    -0.207454    -0.676163    -0.223050
v    -0.234493    -0.679520    -0.209683
v    -0.216189    -0.669749    -0.231852
v    -0.206332    -0.671311    -0.231852
v    -0.102079    -0.641935    -0.261132
v    -0.097675    -0.641575    -0.260720
v    -0.197769    -0.665545    -0.240531
v    -0.195436    -0.664635    -0.241659
v    -0.185347    -0.661694    -0.244675
v     0.002797    -0.625662    -0.260720
v     0.311706    -0.529241    -0.257394
v     0.420473    -0.499031    -0.228129
v     0.465217    -0.483029    -0.217803
v     0.677289    -0.394498    -0.158620
v     0.749239    -0.353686    -0.129384
v     0.811242    -0.324356    -0.090472
v     0.849078    -0.282189    -0.081607
v     0.856877    -0.253049    -0.092317
v     0.890892    -0.186291    -0.092317
v     0.899904    -0.104868    -0.130017
v     0.901941    -0.081060    -0.133053
v     0.902657    -0.076539    -0.133053
v     0.803925     0.143764    -0.269876
v     0.768995     0.171182    -0.303018
v     0.746644     0.283549    -0.303018
v     0.728174     0.298222    -0.315780
v     0.719065     0.308126    -0.320497
v     0.714656     0.310102    -0.323331
v     0.702336     0.328541    -0.323331
v     0.707474     0.333679    -0.315466
v     0.707464     0.333825    -0.315338
v     0.699503     0.327666    -0.325870
v     0.698886     0.328078    -0.325870
v     0.701662     0.333309    -0.319368
v     0.687152     0.319677    -0.337941
v     0.683592     0.317967    -0.340659
v     0.649172     0.320405    -0.345617
v     0.638159     0.321906    -0.346391
v     0.608021     0.327901    -0.346391
v     0.592566     0.329057    -0.347966
v    -0.726904     0.642064    -0.112125
v    -0.736463     0.642118    -0.110214
v    -0.788117     0.638460    -0.102774
v    -0.800865     0.631022    -0.103868
v    -0.788740     0.637887    -0.103071
v    -0.806882     0.625638    -0.105120
v    -0.832671     0.598482    -0.112250
v    -0.831018     0.600962    -0.111472
v    -0.908982     0.505223    -0.118288
v    -0.944399     0.452218    -0.118288
v    -0.960401     0.415372    -0.121506
v    -0.947286     0.439514    -0.122451
v    -1.015745     0.291771    -0.116696
v    -1.012254     0.309322    -0.116696
v    -1.016352     0.286114    -0.117049
v    -1.016165     0.286156    -0.117268
v    -1.011239     0.282289    -0.121942
v    -1.008086     0.266439    -0.121942
v    -1.002849     0.262279    -0.125561
v    -0.973217     0.230060    -0.140903
v    -0.843395     0.074823    -0.199789
v    -0.818378     0.039866    -0.208155
v    -0.761469    -0.013276    -0.227792
v    -0.700555    -0.081345    -0.241953
v    -0.700489    -0.081428    -0.241962
v    -0.503723    -0.375910    -0.241962
v    -0.805444     0.029321    -0.213558
v    -0.233599    -0.643830    -0.244031
v    -0.230048    -0.651854    -0.239831
v    -0.228821    -0.670645    -0.223340
v    -0.499245    -0.377891    -0.244306
v    -0.234646    -0.642490    -0.244306
v    -0.213436    -0.663597    -0.239241
v    -0.213231    -0.664055    -0.238947
v    -0.216060    -0.669385    -0.232321
v    -0.216156    -0.669519    -0.232139
v    -0.216273    -0.661059    -0.239831
v    -0.205970    -0.664569    -0.239993
v    -0.203053    -0.665149    -0.239993
v    -0.059086    -0.626966    -0.271075
v    -0.005504    -0.622959    -0.265616
v     0.024470    -0.616997    -0.265616
v     0.327907    -0.520069    -0.258459
v     0.491785    -0.465276    -0.217803
v     0.716684    -0.355812    -0.157954
v     0.715413    -0.356375    -0.158620
v     0.848477    -0.158569    -0.157954
v     0.859776    -0.108855    -0.174244
v     0.837723    -0.078053    -0.205928
v     0.861704     0.042505    -0.205928
v     0.735325     0.171182    -0.330650
v     0.702072     0.202232    -0.352872
v     0.700683     0.222088    -0.350770
v     0.693861     0.247548    -0.350770
v     0.691034     0.264774    -0.349463
v     0.688623     0.308306    -0.342703
v     0.690236     0.310466    -0.341101
v     0.691155     0.311083    -0.340309
v     0.691919     0.320082    -0.335273
v     0.683248     0.317455    -0.341101
v     0.682415     0.316833    -0.341718
v     0.660760     0.318032    -0.345081
v     0.653704     0.319190    -0.345617
v     0.606109     0.324149    -0.349783
v    -0.724351     0.641381    -0.113102
v    -0.725100     0.641412    -0.112954
v    -0.833954     0.593285    -0.114269
v    -0.945431     0.441714    -0.122737
v    -1.009809     0.302550    -0.119808
v    -1.007524     0.311077    -0.119808
v    -1.011226     0.282289    -0.121952
v    -1.001100     0.267125    -0.127787
v    -1.007762     0.279054    -0.124268
v    -0.499304    -0.376477    -0.244965
v    -0.499174    -0.377052    -0.244776
v    -0.600784    -0.199655    -0.257352
v    -0.235735    -0.640491    -0.244776
v    -0.230894    -0.646112    -0.243679
v    -0.204628    -0.664085    -0.240609
v    -0.203787    -0.664050    -0.240775
v    -0.048089    -0.620825    -0.274319
v     0.021573    -0.615951    -0.266947
v     0.099473    -0.595078    -0.266947
v     0.383502    -0.463233    -0.273091
v     0.406471    -0.458035    -0.265549
v     0.699195    -0.165311    -0.265549
v     0.718721    -0.079038    -0.293878
v     0.823200    -0.074676    -0.218398
v     0.701004    -0.055315    -0.311467
v     0.707766     0.066787    -0.330429
v     0.735178     0.169089    -0.330429
v     0.699828     0.202232    -0.354071
v     0.697365     0.204350    -0.355084
v     0.696514     0.212642    -0.354351
v     0.689216     0.269163    -0.349463
v     0.687052     0.308252    -0.343392
v     0.682285     0.313020    -0.343392
v     0.671409     0.313622    -0.345081
v     0.608911     0.322595    -0.350212
v    -0.662473     0.619450    -0.133686
v    -0.728417     0.592135    -0.133686
v    -0.833715     0.586307    -0.117331
v    -1.005715     0.305974    -0.121506
v    -0.842946     0.074436    -0.199974
v    -0.713107    -0.051042    -0.241953
v    -0.236038    -0.639742    -0.244965
v    -0.195057    -0.660956    -0.243679
v    -0.031649    -0.601703    -0.282186
v     0.026778    -0.569313    -0.291130
v     0.029265    -0.567247    -0.291579
v     0.382064    -0.421113    -0.291579
v     0.438385    -0.282137    -0.326660
v     0.666389    -0.054133    -0.326660
v     0.672754     0.060867    -0.344521
v     0.692752     0.109149    -0.344521
v     0.689084     0.268689    -0.349563
v     0.650098     0.307675    -0.349563
v     0.618749     0.311831    -0.352241
v    -0.037454     0.399329    -0.278993
v    -0.551275    -0.114492    -0.278993
v    -0.557360    -0.116018    -0.278243
v    -0.577445    -0.116018    -0.274941
v    -0.077792    -0.595585    -0.278243
v     0.318538    -0.250740    -0.351243
v     0.323507    -0.250081    -0.350818
v     0.664398     0.090811    -0.350818
v     0.676981     0.185719    -0.358927
v     0.618749     0.185719    -0.364662
v     0.318538    -0.114492    -0.364662
f      1      2      3
f      1      3      4
f      1      4      5
f      6      7      8
f      6      8      9
f      6      9     10
f     10      9     11
f     10     11     12
f     10     12      2
f     10      2      1
f     12     13     14
f     12     14      3
f     12      3      2
f     15     16     17
f     15     17     18
f     15     18     19
f     15     19     20
f     21      5      4
f     21      4     22
f     21     22     23
f     21     23     24
f     21     24     16
f     21     16     15
f     25     26     27
f     25     27      6
f     25      6     10
f     25     10      1
f     25      1      5
f     25      5     21
f     27     28     29
f     27     29     30
f     27     30     31
f     27     31     32
f     27     32     33
f     27     33      7
f     27      7      6
f     33     34     35
f     33     35     36
f     33     36     37
f     33     37     38
f     33     38     39
f     33     39      8
f     33      8      7
f     36     40     41
f     36     41     42
f     36     42     43
f     36     43     37
f     38     44     45
f     38     45     39
f      8     39     45
f      8     45     46
f      8     46     11
f      8     11      9
f     11     46     47
f     11     47     48
f     11     48     49
f     11     49     50
f     11     50     51
f     11     51     52
f     11     52     53
f     11     53     54
f     11     54     55
f     11     55     13
f     11     13     12
f     14     13     55
f     14     55     56
f     14     56     57
f      4      3     14
f      4     14     57
f      4     57     58
f      4     58     59
f      4     59     22
f     22     59     60
f     22     60     23
f     61     62     63
f     61     63     64
f     20     19     65
f     20     65     66
f     20     66     62
f     20     62     61
f     67     68     25
f     67     25     21
f     67     21     15
f     67     15     20
f     67     20     61
f     67     61     64
f     67     64     69
f     70     71     72
f     70     72     26
f     70     26     25
f     70     25     68
f     72     73     74
f     72     74     28
f     72     28     27
f     72     27     26
f     31     75     76
f     31     76     77
f     31     77     78
f     31     78     32
f     32     78     79
f     32     79     80
f     32     80     81
f     32     81     82
f     32     82     34
f     32     34     33
f     82     83     84
f     82     84     35
f     82     35     34
f     85     86     87
f     85     87     41
f     85     41     40
f     41     87     88
f     41     88     42
f     42     88     89
f     42     89     90
f     42     90     91
f     42     91     92
f     42     92     43
f     37     43     92
f     37     92     93
f     37     93     44
f     37     44     38
f     45     44     93
f     45     93     94
f     45     94     95
f     45     95     47
f     45     47     46
f     47     95     96
f     47     96     97
f     47     97     98
f     47     98     48
f     48     98     99
f     48     99    100
f     48    100    101
f     48    101    102
f     48    102    103
f     48    103    104
f     48    104    105
f     48    105    106
f     48    106    107
f     48    107    108
f     48    108     49
f     53     52    109
f     53    109    110
f     53    110    111
f     56     55     54
f     58    112     60
f     58     60     59
f     24    113     17
f     24     17     16
f     18     65     19
f    114    115    116
f    114    116    117
f    114    117    118
f     69     64     63
f     69     63    119
f     69    119    115
f     69    115    114
f    120    121    122
f    120    122     67
f    120     67     69
f    120     69    114
f    120    114    118
f    120    118    123
f    120    123    124
f    125    126    127
f    125    127    128
f    125    128    129
f    125    129     70
f    125     70     68
f    125     68     67
f    125     67    122
f    129    130    131
f    129    131    132
f    129    132    133
f    129    133     71
f    129     71     70
f    133     73     72
f    133     72     71
f    134     29     28
f    134     28     74
f     76    135    136
f     76    136     77
f     77    136    137
f     77    137    138
f     77    138    139
f     77    139    140
f     77    140     79
f     77     79     78
f     79    140    141
f     79    141    142
f     79    142     80
f     81    143    144
f     81    144     83
f     81     83     82
f     35     84    145
f     35    145     85
f     35     85     40
f     35     40     36
f    146     89     88
f    146     88     87
f    146     87     86
f    147    148    149
f    147    149     90
f    147     90     89
f    147     89    146
f    150    151    152
f    150    152    153
f     90    149    150
f     90    150    153
f     90    153    154
f     90    154    155
f     90    155     91
f     92     91    155
f     92    155    156
f     92    156    157
f     92    157     94
f     92     94     93
f     94    157    158
f     94    158    159
f     94    159    160
f     94    160    161
f     94    161    162
f     94    162    163
f     94    163     96
f     94     96     95
f     96    163    164
f     96    164    165
f     96    165    166
f     96    166    167
f     96    167    168
f     96    168     97
f     97    168    169
f     97    169    170
f     97    170    171
f     97    171     99
f     97     99     98
f     99    171    100
f     50    172    173
f     50    173    174
f     50    174     51
f     51    174    175
f     51    175    109
f     51    109     52
f    176    112     58
f    176     58     57
f    176     57     56
f    176     56     54
f    176     54     53
f    176     53    111
f    176    111    177
f     23     60    112
f     23    112    176
f     23    176    178
f     23    178    113
f     23    113     24
f     17    113    178
f     17    178    179
f     17    179    180
f     17    180     66
f     17     66     65
f     17     65     18
f     63     62     66
f     63     66    180
f     63    180    181
f     63    181    119
f    119    181    182
f    119    182    116
f    119    116    115
f    183    184    185
f    183    185    186
f    183    186    187
f    183    187    188
f    118    117    189
f    118    189    184
f    118    184    183
f    118    183    123
f    190    191    192
f    190    192    193
f    190    193    121
f    190    121    120
f    194    195    125
f    194    125    122
f    194    122    121
f    194    121    193
f    194    193    196
f    194    196    197
f    127    198    199
f    127    199    200
f    127    200    128
f    128    200    201
f    128    201    202
f    128    202    203
f    128    203    130
f    128    130    129
f    203    204    205
f    203    205    131
f    203    131    130
f    132    206    134
f    132    134     74
f    132     74     73
f    132     73    133
f    207     30     29
f    207     29    134
f    207    134    206
f    208    209    210
f    208    210    137
f    208    137    136
f    208    136    135
f    137    210    211
f    137    211    138
f    138    211    212
f    138    212    213
f    138    213    214
f    138    214    139
f    139    214    215
f    139    215    141
f    139    141    140
f     80    142    216
f     80    216    143
f     80    143     81
f    144    217    218
f    144    218    145
f    144    145     84
f    144     84     83
f    145    218    219
f    145    219    147
f    145    147    146
f    145    146     86
f    145     86     85
f    220    151    150
f    220    150    149
f    220    149    148
f    221    222    223
f    221    223    152
f    221    152    151
f    221    151    220
f    224    223    222
f    224    222    225
f    224    225    226
f    224    226    227
f    153    152    223
f    153    223    224
f    153    224    154
f    155    154    224
f    155    224    227
f    155    227    228
f    155    228    229
f    155    229    230
f    155    230    156
f    156    230    231
f    156    231    232
f    156    232    233
f    156    233    234
f    156    234    158
f    156    158    157
f    160    235    236
f    160    236    237
f    160    237    238
f    160    238    161
f    162    239    240
f    162    240    241
f    162    241    164
f    162    164    163
f    164    241    242
f    164    242    243
f    164    243    165
f    167    244    245
f    167    245    169
f    167    169    168
f    169    245    246
f    169    246    247
f    169    247    170
f    107    248    249
f    107    249    108
f     49    108    249
f     49    249    172
f     49    172     50
f    110    109    175
f    110    175    250
f    110    250    251
f    110    251    252
f    177    111    110
f    177    110    252
f    177    252    253
f    177    253    254
f    177    254    255
f    177    255    256
f    257    179    178
f    257    178    176
f    257    176    177
f    257    177    256
f    257    256    258
f    257    258    259
f    257    259    260
f    257    260    261
f    262    263    182
f    262    182    181
f    262    181    180
f    262    180    179
f    262    179    257
f    264    265    262
f    264    262    257
f    264    257    261
f    264    261    266
f    116    182    263
f    116    263    189
f    116    189    117
f    189    263    262
f    189    262    265
f    189    265    185
f    189    185    184
f    267    188    187
f    267    187    268
f    267    268    269
f    124    123    183
f    124    183    188
f    124    188    267
f    270    191    190
f    270    190    271
f    193    192    196
f    272    198    127
f    272    127    126
f    272    126    273
f    274    275    201
f    274    201    200
f    274    200    199
f    201    275    276
f    201    276    277
f    201    277    202
f    202    277    278
f    202    278    279
f    202    279    280
f    202    280    204
f    202    204    203
f    280    281    282
f    280    282    205
f    280    205    204
f    131    205    282
f    131    282    283
f    131    283    284
f    131    284    207
f    131    207    206
f    131    206    132
f    284    285     75
f    284     75     31
f    284     31     30
f    284     30    207
f    286    287    288
f    286    288    289
f    286    289    209
f    286    209    208
f    289    290    291
f    289    291    212
f    289    212    211
f    289    211    210
f    289    210    209
f    292    293    294
f    292    294    291
f    292    291    290
f    212    291    294
f    212    294    295
f    212    295    213
f    213    295    296
f    213    296    297
f    213    297    215
f    213    215    214
f    141    215    297
f    141    297    298
f    141    298    299
f    141    299    216
f    141    216    142
f    216    299    300
f    216    300    301
f    216    301    217
f    216    217    144
f    216    144    143
f    301    302    303
f    301    303    219
f    301    219    218
f    301    218    217
f    219    303    304
f    219    304    221
f    219    221    220
f    219    220    148
f    219    148    147
f    304    305    225
f    304    225    222
f    304    222    221
f    306    307    308
f    306    308    309
f    306    309    226
f    306    226    225
f    306    225    305
f    309    308    310
f    309    310    311
f    309    311    312
f    227    226    309
f    227    309    312
f    227    312    228
f    228    312    311
f    228    311    313
f    228    313    314
f    228    314    315
f    228    315    229
f    229    315    316
f    229    316    317
f    229    317    231
f    229    231    230
f    158    234    318
f    158    318    159
f    236    319    320
f    236    320    237
f    161    238    321
f    161    321    239
f    161    239    162
f    240    322    323
f    240    323    242
f    240    242    241
f    242    323    324
f    242    324    325
f    242    325    243
f    166    326    327
f    166    327    244
f    166    244    167
f    327    328    246
f    327    246    245
f    327    245    244
f    103    329    104
f    105    330    106
f    175    174    173
f    175    173    331
f    175    331    250
f    252    251    332
f    252    332    253
f    256    255    333
f    256    333    334
f    256    334    258
f    260    259    335
f    260    335    336
f    260    336    337
f    260    337    338
f    260    338    339
f    339    338    340
f    339    340    341
f    339    341    342
f    339    342    343
f    266    261    260
f    266    260    339
f    266    339    343
f    266    343    344
f    344    343    342
f    344    342    345
f    186    185    265
f    186    265    264
f    186    264    346
f    268    187    186
f    268    186    346
f    268    346    347
f    268    347    348
f    349    269    268
f    349    268    348
f    349    348    350
f    351    271    190
f    351    190    120
f    351    120    124
f    351    124    267
f    351    267    269
f    351    269    349
f    352    353    270
f    352    270    271
f    352    271    351
f    197    196    192
f    197    192    191
f    197    191    270
f    197    270    353
f    354    273    126
f    354    126    125
f    354    125    195
f    355    356    274
f    355    274    199
f    355    199    198
f    355    198    272
f    357    358    276
f    357    276    275
f    357    275    274
f    357    274    356
f    359    278    277
f    359    277    276
f    359    276    358
f    360    279    278
f    360    278    359
f    360    359    361
f    362    363    281
f    362    281    280
f    362    280    279
f    362    279    360
f    362    360    364
f    282    281    363
f    282    363    365
f    282    365    366
f    282    366    367
f    282    367    283
f    283    367    368
f    283    368    369
f    283    369    370
f    283    370    285
f    283    285    284
f    370    371    286
f    370    286    208
f    370    208    135
f    370    135     76
f    370     76     75
f    370     75    285
f    372    373    374
f    372    374    288
f    372    288    287
f    372    287    375
f    288    374    376
f    288    376    377
f    288    377    292
f    288    292    290
f    288    290    289
f    378    379    380
f    378    380    377
f    378    377    376
f    378    376    381
f    377    380    382
f    377    382    293
f    377    293    292
f    383    384    382
f    383    382    380
f    383    380    379
f    383    379    385
f    294    293    382
f    294    382    384
f    294    384    386
f    294    386    296
f    294    296    295
f    297    296    386
f    297    386    387
f    297    387    388
f    297    388    389
f    297    389    298
f    298    389    390
f    298    390    391
f    298    391    300
f    298    300    299
f    300    391    392
f    300    392    393
f    300    393    394
f    300    394    302
f    300    302    301
f    394    395    396
f    394    396    306
f    394    306    305
f    394    305    304
f    394    304    303
f    394    303    302
f    396    397    398
f    396    398    399
f    396    399    400
f    396    400    307
f    396    307    306
f    400    401    310
f    400    310    308
f    400    308    307
f    399    402    403
f    399    403    404
f    399    404    405
f    399    405    401
f    399    401    400
f    405    404    406
f    405    406    407
f    405    407    408
f    405    408    409
f    311    310    401
f    311    401    405
f    311    405    409
f    311    409    313
f    313    409    408
f    313    408    410
f    313    410    411
f    313    411    314
f    314    411    316
f    314    316    315
f    231    317    412
f    231    412    232
f    233    413    318
f    233    318    234
f    414    415    416
f    414    416    320
f    414    320    319
f    237    320    416
f    237    416    417
f    237    417    321
f    237    321    238
f    321    417    418
f    321    418    419
f    321    419    322
f    321    322    240
f    321    240    239
f    419    420    324
f    419    324    323
f    419    323    322
f    325    324    420
f    325    420    421
f    325    421    422
f    325    422    423
f    325    423    424
f    165    243    325
f    165    325    424
f    165    424    425
f    165    425    326
f    165    326    166
f    425    426    427
f    425    427    428
f    425    428    328
f    425    328    327
f    425    327    326
f    101    429    430
f    101    430    102
f    102    430    431
f    102    431    329
f    102    329    103
f    249    248    432
f    249    432    331
f    249    331    173
f    249    173    172
f    250    331    432
f    250    432    433
f    250    433    332
f    250    332    251
f    254    434    333
f    254    333    255
f    258    334    435
f    258    435    335
f    258    335    259
f    336    436    437
f    336    437    337
f    340    338    337
f    340    337    437
f    340    437    438
f    439    341    340
f    439    340    438
f    439    438    440
f    439    440    441
f    439    441    442
f    345    342    341
f    345    341    439
f    345    439    443
f    444    443    439
f    444    439    442
f    444    442    445
f    347    346    264
f    347    264    266
f    347    266    344
f    347    344    345
f    347    345    443
f    347    443    444
f    347    444    446
f    350    348    347
f    350    347    446
f    350    446    447
f    448    449    450
f    448    450    451
f    448    451    452
f    448    452    453
f    448    453    454
f    448    454    455
f    456    352    351
f    456    351    349
f    456    349    350
f    456    350    447
f    456    447    457
f    456    457    448
f    456    448    455
f    455    454    458
f    455    458    459
f    455    459    460
f    455    460    456
f    456    460    461
f    456    461    194
f    456    194    197
f    456    197    353
f    456    353    352
f    461    462    354
f    461    354    195
f    461    195    194
f    463    464    355
f    463    355    272
f    463    272    273
f    463    273    354
f    463    354    462
f    465    466    357
f    465    357    356
f    465    356    355
f    465    355    464
f    467    361    359
f    467    359    358
f    467    358    357
f    467    357    466
f    468    469    470
f    468    470    471
f    468    471    467
f    468    467    466
f    468    466    465
f    471    364    360
f    471    360    361
f    471    361    467
f    470    472    473
f    470    473    362
f    470    362    364
f    470    364    471
f    473    474    475
f    473    475    365
f    473    365    363
f    473    363    362
f    366    365    475
f    366    475    476
f    369    477    478
f    369    478    371
f    369    371    370
f    478    375    287
f    478    287    286
f    478    286    371
f    479    373    372
f    479    372    480
f    481    381    376
f    481    376    374
f    481    374    373
f    481    373    479
f    482    483    484
f    482    484    378
f    482    378    381
f    482    381    481
f    482    481    485
f    484    385    379
f    484    379    378
f    486    487    383
f    486    383    385
f    486    385    484
f    486    484    483
f    486    483    488
f    486    488    489
f    386    384    383
f    386    383    487
f    386    487    387
f    490    491    388
f    490    388    387
f    490    387    487
f    490    487    486
f    490    486    492
f    388    491    493
f    388    493    494
f    388    494    390
f    388    390    389
f    390    494    495
f    390    495    496
f    390    496    392
f    390    392    391
f    392    496    497
f    392    497    498
f    392    498    499
f    392    499    393
f    393    499    500
f    393    500    501
f    393    501    395
f    393    395    394
f    501    502    503
f    501    503    397
f    501    397    396
f    501    396    395
f    503    504    505
f    503    505    506
f    503    506    507
f    503    507    398
f    503    398    397
f    398    507    508
f    398    508    402
f    398    402    399
f    506    509    510
f    506    510    508
f    506    508    507
f    511    403    402
f    511    402    508
f    511    508    510
f    511    510    512
f    511    512    513
f    406    404    403
f    406    403    511
f    514    407    406
f    514    406    511
f    514    511    513
f    514    513    515
f    514    515    516
f    517    410    408
f    517    408    407
f    517    407    514
f    316    411    410
f    316    410    517
f    316    517    518
f    316    518    519
f    316    519    412
f    316    412    317
f    232    412    519
f    232    519    520
f    232    520    521
f    232    521    522
f    232    522    413
f    232    413    233
f    159    318    413
f    159    413    522
f    159    522    235
f    159    235    160
f    523    524    415
f    523    415    414
f    416    415    524
f    416    524    525
f    416    525    526
f    416    526    418
f    416    418    417
f    418    526    527
f    418    527    528
f    418    528    421
f    418    421    420
f    418    420    419
f    527    529    530
f    527    530    531
f    527    531    532
f    527    532    528
f    421    528    532
f    421    532    422
f    422    532    531
f    422    531    533
f    422    533    534
f    422    534    535
f    422    535    536
f    422    536    423
f    424    423    536
f    424    536    426
f    424    426    425
f    536    535    537
f    536    537    427
f    536    427    426
f    247    246    328
f    247    328    428
f    247    428    538
f    247    538    539
f    100    171    170
f    100    170    247
f    100    247    539
f    100    539    540
f    100    540    429
f    100    429    101
f    104    329    431
f    104    431    541
f    104    541    542
f    104    542    330
f    104    330    105
f    433    432    248
f    433    248    107
f    433    107    106
f    433    106    330
f    433    330    542
f    433    542    543
f    253    332    433
f    253    433    543
f    253    543    544
f    253    544    545
f    253    545    434
f    253    434    254
f    333    434    545
f    333    545    546
f    333    546    547
f    333    547    435
f    333    435    334
f    335    435    547
f    335    547    548
f    335    548    549
f    335    549    436
f    335    436    336
f    438    437    436
f    438    436    549
f    438    549    550
f    438    550    551
f    438    551    440
f    551    550    552
f    551    552    553
f    441    440    551
f    441    551    553
f    441    553    554
f    554    553    552
f    554    552    555
f    554    555    556
f    554    556    557
f    445    442    441
f    445    441    554
f    445    554    557
f    445    557    558
f    558    557    556
f    558    556    559
f    558    559    560
f    447    446    444
f    447    444    445
f    447    445    558
f    447    558    560
f    447    560    561
f    447    561    562
f    447    562    457
f    457    562    563
f    457    563    564
f    457    564    565
f    457    565    449
f    457    449    448
f    451    566    567
f    451    567    568
f    451    568    452
f    452    568    569
f    452    569    570
f    452    570    453
f    454    453    570
f    454    570    571
f    454    571    572
f    454    572    458
f    458    572    573
f    458    573    574
f    458    574    575
f    458    575    576
f    458    576    577
f    458    577    459
f    459    577    578
f    459    578    579
f    459    579    580
f    459    580    463
f    459    463    462
f    459    462    461
f    459    461    460
f    579    581    582
f    579    582    583
f    579    583    584
f    579    584    585
f    579    585    586
f    579    586    587
f    579    587    588
f    579    588    580
f    580    588    589
f    580    589    468
f    580    468    465
f    580    465    464
f    580    464    463
f    587    590    591
f    587    591    592
f    587    592    593
f    587    593    589
f    587    589    588
f    589    593    594
f    589    594    469
f    589    469    468
f    592    595    594
f    592    594    593
f    594    595    596
f    594    596    472
f    594    472    470
f    594    470    469
f    597    474    473
f    597    473    472
f    597    472    596
f    598    476    475
f    598    475    474
f    598    474    597
f    599    600    477
f    599    477    369
f    599    369    368
f    601    480    372
f    601    372    375
f    601    375    478
f    601    478    477
f    601    477    600
f    602    485    481
f    602    481    479
f    602    479    480
f    602    480    601
f    603    604    482
f    603    482    485
f    603    485    602
f    605    488    483
f    605    483    482
f    605    482    604
f    606    489    488
f    606    488    605
f    607    492    486
f    607    486    489
f    607    489    606
f    607    606    608
f    609    610    611
f    609    611    490
f    609    490    492
f    609    492    607
f    612    613    493
f    612    493    491
f    612    491    490
f    612    490    611
f    614    495    494
f    614    494    493
f    614    493    613
f    614    613    615
f    616    497    496
f    616    496    495
f    616    495    614
f    616    614    617
f    618    498    497
f    618    497    616
f    618    616    619
f    620    621    500
f    620    500    499
f    620    499    498
f    620    498    618
f    620    618    622
f    623    624    502
f    623    502    501
f    623    501    500
f    623    500    621
f    625    626    627
f    625    627    504
f    625    504    503
f    625    503    502
f    625    502    624
f    628    505    504
f    628    504    627
f    628    627    629
f    630    509    506
f    630    506    505
f    630    505    628
f    630    628    631
f    632    512    510
f    632    510    509
f    632    509    630
f    633    634    632
f    633    632    630
f    633    630    631
f    633    631    635
f    513    512    632
f    513    632    634
f    513    634    636
f    513    636    515
f    516    515    636
f    516    636    637
f    516    637    638
f    639    518    517
f    639    517    514
f    639    514    516
f    639    516    638
f    639    638    640
f    639    640    641
f    520    519    518
f    520    518    639
f    520    639    642
f    522    521    643
f    522    643    644
f    522    644    523
f    522    523    414
f    522    414    319
f    522    319    236
f    522    236    235
f    644    645    525
f    644    525    524
f    644    524    523
f    646    647    648
f    646    648    649
f    646    649    529
f    646    529    527
f    646    527    526
f    646    526    525
f    646    525    645
f    650    649    648
f    650    648    651
f    650    651    652
f    530    529    649
f    530    649    650
f    530    650    653
f    654    653    650
f    654    650    652
f    654    652    655
f    533    531    530
f    533    530    653
f    533    653    654
f    533    654    656
f    657    534    533
f    657    533    656
f    657    656    658
f    659    537    535
f    659    535    534
f    659    534    657
f    428    427    537
f    428    537    659
f    428    659    660
f    428    660    538
f    539    538    660
f    539    660    661
f    539    661    662
f    539    662    540
f    541    431    430
f    541    430    429
f    541    429    540
f    541    540    662
f    541    662    663
f    541    663    664
f    541    664    665
f    543    542    541
f    543    541    665
f    543    665    666
f    543    666    667
f    543    667    544
f    546    545    544
f    546    544    667
f    546    667    668
f    546    668    669
f    548    547    546
f    548    546    669
f    548    669    670
f    548    670    671
f    548    671    672
f    548    672    673
f    552    550    549
f    552    549    548
f    552    548    673
f    552    673    674
f    552    674    555
f    674    673    672
f    674    672    675
f    674    675    676
f    674    676    677
f    556    555    674
f    556    674    677
f    556    677    678
f    556    678    559
f    678    677    676
f    678    676    679
f    678    679    680
f    560    559    678
f    560    678    680
f    560    680    681
f    560    681    561
f    680    679    682
f    680    682    683
f    680    683    681
f    561    681    683
f    561    683    684
f    561    684    563
f    561    563    562
f    564    685    686
f    564    686    687
f    564    687    565
f    565    687    688
f    565    688    450
f    565    450    449
f    570    569    689
f    570    689    571
f    571    689    690
f    571    690    573
f    571    573    572
f    576    691    578
f    576    578    577
f    578    691    692
f    578    692    693
f    578    693    581
f    578    581    579
f    582    694    695
f    582    695    696
f    582    696    697
f    582    697    583
f    583    697    698
f    583    698    699
f    583    699    584
f    585    700    701
f    585    701    586
f    702    703    701
f    702    701    700
f    586    701    703
f    586    703    704
f    586    704    590
f    586    590    587
f    704    705    591
f    704    591    590
f    591    705    706
f    591    706    598
f    591    598    597
f    591    597    596
f    591    596    595
f    591    595    592
f    707    708    599
f    707    599    368
f    707    368    367
f    707    367    366
f    707    366    476
f    707    476    598
f    707    598    706
f    709    710    711
f    709    711    603
f    709    603    602
f    709    602    601
f    709    601    600
f    709    600    599
f    709    599    708
f    711    608    606
f    711    606    605
f    711    605    604
f    711    604    603
f    712    713    609
f    712    609    607
f    712    607    608
f    712    608    711
f    712    711    710
f    714    610    609
f    714    609    713
f    715    716    717
f    715    717    714
f    715    714    713
f    715    713    712
f    717    718    612
f    717    612    611
f    717    611    610
f    717    610    714
f    615    613    612
f    615    612    718
f    615    718    719
f    615    719    720
f    615    720    721
f    722    617    614
f    722    614    615
f    722    615    721
f    722    721    723
f    722    723    724
f    725    619    616
f    725    616    617
f    725    617    722
f    726    622    618
f    726    618    619
f    726    619    725
f    727    728    623
f    727    623    621
f    727    621    620
f    729    730    731
f    729    731    625
f    729    625    624
f    729    624    623
f    729    623    728
f    731    732    733
f    731    733    626
f    731    626    625
f    629    627    626
f    629    626    733
f    629    733    734
f    629    734    735
f    635    631    628
f    635    628    629
f    635    629    735
f    635    735    736
f    736    735    734
f    736    734    737
f    637    636    634
f    637    634    633
f    637    633    738
f    640    638    637
f    640    637    738
f    640    738    739
f    740    642    639
f    740    639    641
f    740    641    741
f    742    743    643
f    742    643    521
f    742    521    520
f    742    520    642
f    742    642    740
f    744    745    646
f    744    646    645
f    744    645    644
f    744    644    643
f    744    643    743
f    746    747    647
f    746    647    646
f    746    646    745
f    651    648    647
f    651    647    747
f    651    747    748
f    749    748    747
f    749    747    746
f    749    746    750
f    749    750    751
f    655    652    651
f    655    651    748
f    655    748    749
f    752    751    750
f    752    750    753
f    658    656    654
f    658    654    655
f    658    655    749
f    658    749    751
f    658    751    752
f    662    661    754
f    662    754    663
f    664    663    754
f    664    754    755
f    664    755    756
f    664    756    757
f    664    757    758
f    759    760    666
f    759    666    665
f    759    665    664
f    759    664    758
f    759    758    761
f    759    761    762
f    759    762    763
f    667    666    760
f    667    760    764
f    667    764    765
f    667    765    766
f    667    766    668
f    669    668    766
f    669    766    767
f    669    767    768
f    669    768    769
f    669    769    770
f    669    770    670
f    670    770    771
f    670    771    772
f    670    772    773
f    670    773    774
f    670    774    671
f    672    671    774
f    672    774    775
f    672    775    776
f    672    776    675
f    776    775    777
f    776    777    778
f    676    675    776
f    676    776    778
f    676    778    779
f    676    779    682
f    676    682    679
f    683    682    779
f    683    779    780
f    683    780    781
f    683    781    684
f    563    684    781
f    563    781    685
f    563    685    564
f    686    782    783
f    686    783    784
f    686    784    688
f    686    688    687
f    450    688    784
f    450    784    785
f    450    785    566
f    450    566    451
f    573    690    786
f    573    786    574
f    574    786    787
f    574    787    788
f    574    788    575
f    693    789    694
f    693    694    582
f    693    582    581
f    790    695    694
f    790    694    789
f    696    791    792
f    696    792    793
f    696    793    698
f    696    698    697
f    792    794    795
f    792    795    796
f    792    796    793
f    698    793    796
f    698    796    797
f    698    797    699
f    797    796    795
f    797    795    798
f    797    798    799
f    797    799    800
f    584    699    797
f    584    797    800
f    584    800    702
f    584    702    700
f    584    700    585
f    800    799    801
f    800    801    802
f    800    802    803
f    800    803    804
f    800    804    805
f    800    805    707
f    800    707    706
f    800    706    705
f    800    705    704
f    800    704    703
f    800    703    702
f    805    806    807
f    805    807    808
f    805    808    809
f    805    809    709
f    805    709    708
f    805    708    707
f    809    810    715
f    809    715    712
f    809    712    710
f    809    710    709
f    811    812    813
f    811    813    814
f    811    814    716
f    811    716    715
f    811    715    810
f    814    719    718
f    814    718    717
f    814    717    716
f    815    720    719
f    815    719    814
f    815    814    813
f    816    723    721
f    816    721    720
f    816    720    815
f    816    815    817
f    724    723    816
f    724    816    818
f    724    818    819
f    724    819    820
f    821    822    726
f    821    726    725
f    821    725    722
f    821    722    724
f    821    724    820
f    821    820    823
f    821    823    824
f    821    824    825
f    826    827    727
f    826    727    620
f    826    620    622
f    826    622    726
f    826    726    822
f    828    829    830
f    828    830    831
f    828    831    729
f    828    729    728
f    828    728    727
f    828    727    827
f    828    827    832
f    831    833    834
f    831    834    835
f    831    835    730
f    831    730    729
f    836    732    731
f    836    731    730
f    836    730    835
f    737    734    733
f    737    733    732
f    737    732    836
f    737    836    837
f    838    837    836
f    838    836    835
f    838    835    834
f    838    834    839
f    739    738    633
f    739    633    635
f    739    635    736
f    739    736    737
f    739    737    837
f    739    837    838
f    741    641    640
f    741    640    739
f    741    739    838
f    741    838    839
f    741    839    840
f    741    840    841
f    741    841    842
f    843    844    742
f    843    742    740
f    843    740    741
f    843    741    842
f    843    842    845
f    846    847    848
f    846    848    849
f    846    849    744
f    846    744    743
f    846    743    742
f    846    742    844
f    753    750    746
f    753    746    745
f    753    745    744
f    753    744    849
f    850    851    852
f    850    852    853
f    850    853    847
f    850    847    846
f    848    847    853
f    854    851    850
f    854    850    855
f    854    855    856
f    854    856    857
f    755    852    851
f    755    851    854
f    755    854    756
f    858    859    757
f    858    757    756
f    858    756    854
f    858    854    857
f    858    857    860
f    858    860    861
f    858    861    862
f    758    757    859
f    758    859    863
f    758    863    761
f    864    764    760
f    864    760    759
f    766    765    865
f    766    865    866
f    766    866    767
f    771    770    769
f    771    769    867
f    773    772    868
f    773    868    869
f    777    775    774
f    777    774    773
f    777    773    869
f    777    869    870
f    779    778    777
f    779    777    870
f    779    870    871
f    779    871    872
f    779    872    780
f    781    780    872
f    781    872    782
f    781    782    686
f    781    686    685
f    784    783    873
f    784    873    874
f    784    874    875
f    784    875    785
f    785    875    567
f    785    567    566
f    575    788    876
f    575    876    692
f    575    692    691
f    575    691    576
f    876    877    878
f    876    878    790
f    876    790    789
f    876    789    693
f    876    693    692
f    878    879    880
f    878    880    791
f    878    791    696
f    878    696    695
f    878    695    790
f    880    881    882
f    880    882    883
f    880    883    794
f    880    794    792
f    880    792    791
f    795    794    883
f    795    883    884
f    795    884    798
f    882    885    886
f    882    886    887
f    882    887    884
f    882    884    883
f    798    884    887
f    798    887    801
f    798    801    799
f    801    887    886
f    801    886    888
f    801    888    889
f    801    889    890
f    801    890    891
f    801    891    892
f    801    892    802
f    802    892    893
f    802    893    803
f    808    894    895
f    808    895    811
f    808    811    810
f    808    810    809
f    895    896    812
f    895    812    811
f    897    817    815
f    897    815    813
f    897    813    812
f    897    812    896
f    897    896    898
f    899    818    816
f    899    816    817
f    899    817    897
f    900    823    820
f    900    820    819
f    900    819    901
f    902    903    826
f    902    826    822
f    902    822    821
f    904    832    827
f    904    827    826
f    904    826    903
f    904    903    905
f    906    830    829
f    906    829    907
f    908    833    831
f    908    831    830
f    908    830    906
f    908    906    909
f    839    834    833
f    839    833    908
f    839    908    840
f    841    840    908
f    841    908    909
f    841    909    910
f    841    910    911
f    845    842    841
f    845    841    911
f    845    911    912
f    845    912    913
f    845    913    914
f    845    914    915
f    916    917    918
f    916    918    919
f    916    919    843
f    916    843    845
f    916    845    915
f    916    915    920
f    921    922    923
f    921    923    855
f    921    855    850
f    921    850    846
f    921    846    844
f    921    844    843
f    921    843    919
f    921    919    924
f    921    924    925
f    926    927    928
f    926    928    929
f    926    929    923
f    926    923    922
f    926    922    930
f    923    929    856
f    923    856    855
f    928    927    931
f    928    931    932
f    857    856    929
f    857    929    928
f    857    928    932
f    857    932    860
f    933    934    863
f    933    863    859
f    933    859    858
f    761    863    934
f    761    934    935
f    761    935    762
f    865    765    764
f    865    764    864
f    865    864    936
f    768    767    866
f    768    866    937
f    938    868    772
f    938    772    771
f    938    771    867
f    938    867    939
f    870    869    868
f    870    868    938
f    870    938    940
f    870    940    871
f    872    871    940
f    872    940    941
f    872    941    873
f    872    873    783
f    872    783    782
f    873    941    942
f    873    942    943
f    873    943    874
f    567    875    874
f    567    874    943
f    567    943    787
f    567    787    786
f    567    786    690
f    567    690    689
f    567    689    569
f    567    569    568
f    944    945    946
f    944    946    879
f    944    879    878
f    944    878    877
f    946    947    948
f    946    948    949
f    946    949    950
f    946    950    951
f    946    951    881
f    946    881    880
f    946    880    879
f    951    952    885
f    951    885    882
f    951    882    881
f    950    953    889
f    950    889    888
f    950    888    952
f    950    952    951
f    886    885    952
f    886    952    888
f    889    953    954
f    889    954    955
f    889    955    956
f    889    956    890
f    891    957    893
f    891    893    892
f    807    958    959
f    807    959    894
f    807    894    808
f    898    896    895
f    898    895    894
f    898    894    959
f    901    819    818
f    901    818    899
f    960    824    823
f    960    823    900
f    961    905    903
f    961    903    902
f    962    907    829
f    962    829    828
f    962    828    963
f    910    909    906
f    910    906    907
f    910    907    962
f    910    962    964
f    965    912    911
f    965    911    910
f    965    910    964
f    965    964    966
f    913    912    965
f    967    968    924
f    967    924    919
f    967    919    918
f    967    918    969
f    925    924    968
f    925    968    970
f    971    930    922
f    971    922    921
f    972    931    927
f    972    927    926
f    860    932    931
f    860    931    972
f    860    972    973
f    860    973    861
f    935    934    933
f    935    933    974
f    935    974    975
f    763    762    935
f    763    935    975
f    763    975    976
f    937    866    865
f    937    865    936
f    937    936    977
f    937    977    978
f    939    867    769
f    939    769    768
f    939    768    937
f    939    937    978
f    939    978    979
f    942    941    940
f    942    940    938
f    942    938    939
f    942    939    979
f    942    979    980
f    942    980    981
f    981    980    982
f    981    982    983
f    981    983    984
f    787    943    942
f    787    942    981
f    787    981    984
f    787    984    944
f    787    944    877
f    787    877    876
f    787    876    788
f    985    986    987
f    985    987    947
f    985    947    946
f    985    946    945
f    948    988    989
f    948    989    949
f    949    989    990
f    949    990    954
f    949    954    953
f    949    953    950
f    990    991    955
f    990    955    954
f    890    956    992
f    890    992    957
f    890    957    891
f    993    958    807
f    993    807    806
f    994    995    960
f    994    960    900
f    994    900    901
f    994    901    899
f    994    899    897
f    994    897    898
f    994    898    959
f    994    959    958
f    994    958    993
f    825    824    960
f    825    960    995
f    996    963    828
f    996    828    832
f    996    832    904
f    966    964    962
f    966    962    963
f    966    963    996
f    920    915    914
f    920    914    997
f    998    917    916
f    970    968    967
f    970    967    999
f   1000    973    972
f   1000    972    926
f   1000    926    930
f   1000    930    971
f    862    861    973
f    862    973   1000
f    976    975    974
f    976    974   1001
f    976   1001   1002
f    977    936    864
f    977    864    759
f    977    759    763
f    977    763    976
f    977    976   1002
f    977   1002   1003
f    977   1003   1004
f    979    978    977
f    979    977   1004
f    979   1004   1005
f    979   1005   1006
f    979   1006    982
f    979    982    980
f    982   1006   1007
f    982   1007   1008
f    982   1008    983
f    984    983   1008
f    984   1008    985
f    984    985    945
f    984    945    944
f    987   1009    988
f    987    988    948
f    987    948    947
f   1010    991    990
f   1010    990    989
f   1010    989    988
f   1010    988   1009
f    992    956    955
f    992    955    991
f    992    991   1010
f    992   1010   1011
f    804   1012    994
f    804    994    993
f    804    993    806
f    804    806    805
f   1013   1014   1015
f   1013   1015    998
f   1013    998    916
f   1013    916    920
f   1013    920    997
f   1013    997    961
f   1013    961    902
f   1013    902    821
f   1013    821    825
f   1013    825    995
f   1013    995    994
f   1013    994   1012
f    997    914    913
f    997    913    965
f    997    965    966
f    997    966    996
f    997    996    904
f    997    904    905
f    997    905    961
f   1015    969    918
f   1015    918    917
f   1015    917    998
f   1016    999    967
f   1016    967    969
f   1016    969   1015
f   1016   1015   1014
f   1001    974    933
f   1001    933    858
f   1001    858    862
f   1001    862   1000
f   1001   1000    971
f   1001    971    921
f   1001    921    925
f   1001    925    970
f   1001    970    999
f   1001    999   1016
f   1004   1003   1017
f   1004   1017   1018
f   1004   1018   1005
f   1005   1018   1019
f   1005   1019   1007
f   1005   1007   1006
f   1008   1007   1019
f   1008   1019   1020
f   1008   1020    986
f   1008    986    985
f   1020   1021   1011
f   1020   1011   1010
f   1020   1010   1009
f   1020   1009    987
f   1020    987    986
f    803    893    957
f    803    957    992
f    803    992   1011
f    803   1011   1021
f    803   1021   1022
f    803   1022   1013
f    803   1013   1012
f    803   1012    804
f   1022   1017   1003
f   1022   1003   1002
f   1022   1002   1001
f   1022   1001   1016
f   1022   1016   1014
f   1022   1014   1013
f   1019   1018   1017
f   1019   1017   1022
f   1019   1022   1021
f   1019   1021   1020
f    754    661    660
f    754    660    659
f    754    659    657
f    754    657    658
f    754    658    752
f    754    752    753
f    754    753    849
f    754    849    848
f    754    848    853
f    754    853    852
f    754    852    755
