v     0.168735     0.383565     0.446136
v     0.097738     0.454562     0.446136
v     0.015414     0.428711     0.456791
v    -0.104340     0.385310     0.472860
v    -0.108368     0.383435     0.473442
v    -0.118849     0.377624     0.475046
v    -0.121633     0.374578     0.475620
v    -0.121633     0.372987     0.475777
v     0.170137     0.372987     0.447040
v    -0.129599     0.373522     0.474940
v    -0.177333     0.325788     0.474940
v    -0.191056     0.303564     0.475777
v    -0.437092    -0.046584     0.465523
v    -0.441380    -0.051746     0.464592
v    -0.452293    -0.071430     0.461579
v    -0.466168    -0.101235     0.457276
v    -0.465464    -0.108096     0.456670
v    -0.464995    -0.111139     0.456417
v    -0.464704    -0.112345     0.456326
v    -0.448410    -0.147457     0.454473
v    -0.437092    -0.158774     0.454473
v     0.231958     0.311722     0.434917
v     0.215512     0.331516     0.438487
v    -0.431747    -0.036871     0.465953
v    -0.436013    -0.044519     0.465620
v    -0.428744    -0.192066     0.450372
v    -0.401797    -0.249040     0.442106
v    -0.381263    -0.289583     0.436091
v    -0.363721    -0.308777     0.432473
v    -0.281118    -0.297825     0.425416
v     0.267887     0.251179     0.425416
v     0.248116     0.286843     0.430875
v     0.190478     0.385787     0.439261
v     0.174606     0.404607     0.441711
v     0.201232     0.365992     0.438487
v     0.144530     0.457014     0.438040
v     0.139399     0.462145     0.438040
v     0.126632     0.462851     0.440023
v     0.126049     0.462818     0.440124
v     0.100580     0.455711     0.445480
v     0.118613     0.463383     0.440887
v    -0.122363     0.377357     0.474686
v    -0.130718     0.373896     0.474686
v    -0.130740     0.373841     0.474700
v    -0.175367     0.329214     0.474700
v    -0.433905    -0.039430     0.465620
v    -0.430901    -0.188308     0.450635
v    -0.373052    -0.310576     0.430754
v    -0.363721    -0.333600     0.424943
v    -0.363015    -0.336807     0.423881
v    -0.353229    -0.369762     0.412655
v    -0.350704    -0.377384     0.410025
v    -0.336085    -0.411819     0.397743
v    -0.281810    -0.502729     0.363346
v    -0.248347    -0.541651     0.347334
v     0.049131    -0.519039     0.316815
v     0.235298    -0.441926     0.316815
v     0.498894    -0.427337     0.275874
v     0.515389    -0.410842     0.275874
v     0.386600     0.050701     0.372935
v     0.341748     0.140533     0.395079
v     0.282685     0.233377     0.420056
v     0.406282     0.015455     0.362536
v     0.531809    -0.404188     0.271729
v     0.552303    -0.354710     0.271729
v     0.553061    -0.344736     0.272753
v     0.523935    -0.261084     0.292099
v     0.280474     0.241630     0.420056
v     0.143656     0.460876     0.436771
v     0.139902     0.464630     0.436771
v     0.139473     0.464309     0.437090
v     0.131925     0.464727     0.438262
v     0.123000     0.466112     0.438800
v     0.128083     0.465756     0.438262
v    -0.126102     0.378683     0.473442
v    -0.130614     0.378433     0.472741
v    -0.130841     0.377513     0.473098
v    -0.174263     0.334091     0.473098
v    -0.442697    -0.048031     0.463356
v    -0.446648    -0.050364     0.461579
v    -0.467150    -0.101803     0.456670
v    -0.464953    -0.111905     0.456298
v    -0.345808    -0.397226     0.402316
v    -0.270544    -0.524897     0.353110
v    -0.253955    -0.552990     0.340470
v    -0.248347    -0.554493     0.340470
v    -0.211490    -0.618206     0.301136
v    -0.178586    -0.653444     0.277588
v    -0.088842    -0.647165     0.268091
v     0.195596    -0.570950     0.268091
v     0.364493    -0.561595     0.241862
v     0.372643    -0.556981     0.242398
v     0.402094    -0.531975     0.247941
v     0.452770    -0.486625     0.258483
v     0.499294    -0.439063     0.270728
v     0.504252    -0.437941     0.269100
v     0.537800    -0.404392     0.269100
v     0.542068    -0.403339     0.267441
v     0.554008    -0.391660     0.264367
v     0.558194    -0.386983     0.263394
v     0.558943    -0.373446     0.265497
v     0.559464    -0.371503     0.265497
v     0.560306    -0.359474     0.266770
v     0.350686     0.165287     0.383703
v     0.381319     0.140952     0.362536
v     0.187008     0.401055     0.434258
v     0.144037     0.465367     0.434258
v     0.143132     0.469104     0.432797
v     0.142890     0.469083     0.432933
v     0.145799     0.483942     0.420446
v     0.142807     0.471073     0.431495
v     0.148258     0.485702     0.417917
v     0.142520     0.484594     0.420446
v     0.125649     0.469486     0.435598
v    -0.139305     0.397936     0.456791
v    -0.142945     0.397678     0.456266
v    -0.142979     0.396863     0.456855
v    -0.179857     0.399994     0.436216
v    -0.238427     0.466040     0.358048
v    -0.235087     0.455224     0.367745
v    -0.557379    -0.027121     0.367745
v    -0.559531    -0.036589     0.370848
v    -0.555499    -0.042221     0.376640
v    -0.509242    -0.052977     0.416359
v    -0.495881    -0.089977     0.433363
v    -0.479912    -0.098705     0.446740
v    -0.467563    -0.101803     0.456368
v    -0.558883    -0.059231     0.376640
v    -0.551862    -0.064742     0.383301
v    -0.469446    -0.107019     0.453971
v    -0.424986    -0.214337     0.442106
v    -0.346826    -0.396207     0.402316
v    -0.253521    -0.563367     0.332974
v    -0.239668    -0.612794     0.299574
v    -0.233656    -0.626210     0.290949
v    -0.223522    -0.673239     0.254008
v    -0.200488    -0.737168     0.205302
v    -0.178586    -0.741525     0.205302
v    -0.121624    -0.814094     0.136448
v    -0.101152    -0.832427     0.118061
v     0.089528    -0.794498     0.118061
v     0.100061    -0.788299     0.121428
v     0.100676    -0.787875     0.121676
v     0.139403    -0.757531     0.140257
v     0.162025    -0.737752     0.152796
v     0.169246    -0.732457     0.155251
v     0.321283    -0.601336     0.221286
v     0.470859    -0.474539     0.258483
v     0.496605    -0.452614     0.261992
v     0.506677    -0.441214     0.265463
v     0.507731    -0.439580     0.266154
v     0.508304    -0.438285     0.266832
v     0.542161    -0.404429     0.266832
v     0.543455    -0.403856     0.266154
v     0.545090    -0.402802     0.265463
v     0.548687    -0.399623     0.264367
v     0.558928    -0.386653     0.262922
v     0.562174    -0.383125     0.261242
v     0.562417    -0.379683     0.261738
v     0.565323    -0.365076     0.261738
v     0.609725     0.002370     0.136719
v     0.567665    -0.365606     0.258986
v     0.587074    -0.365606     0.235335
v     0.589275    -0.364183     0.232380
v     0.592429    -0.361417     0.228002
v     0.602711    -0.350600     0.213386
v     0.628249    -0.321738     0.176697
v     0.628753    -0.321113     0.175963
v     0.656653    -0.282257     0.134469
v     0.673049    -0.257909     0.109791
v     0.672051    -0.245699     0.108650
v     0.637549    -0.027864     0.108650
v     0.515118     0.127659     0.215070
v     0.497461     0.198306     0.193781
v     0.263450     0.657577     0.193781
v     0.259125     0.654813     0.200437
v     0.243916     0.631335     0.231981
v     0.225011     0.599580     0.272711
v     0.200884     0.557142     0.325823
v     0.273684     0.693651     0.150303
v     0.235993     0.620271     0.246991
v     0.293354     0.748237     0.078154
v     0.288352     0.745567     0.084212
v     0.286287     0.731279     0.102021
v     0.168189     0.598192     0.286980
v     0.190429     0.761077     0.084212
v     0.168189     0.746101     0.106752
v     0.161813     0.745580     0.106156
v    -0.329460     0.667770     0.106156
v    -0.329839     0.667536     0.106369
v    -0.342226     0.656136     0.117869
v    -0.337506     0.623479     0.158572
v    -0.334542     0.619340     0.164188
v    -0.291193     0.537670     0.265709
v    -0.347967     0.654701     0.116139
v    -0.367819     0.644586     0.116139
v    -0.355343     0.625065     0.146180
v    -0.356768     0.603245     0.165330
v    -0.370938     0.645471     0.112380
v    -0.396920     0.633897     0.098852
v    -0.420640     0.620452     0.089205
v    -0.436479     0.610835     0.083362
v    -0.450168     0.597146     0.083362
v    -0.476354     0.584759     0.066929
v    -0.504441     0.562897     0.054559
v    -0.532537     0.539076     0.043384
v    -0.562890     0.505250     0.036272
v    -0.594280     0.387959     0.079383
v    -0.652143     0.274396     0.079383
v    -0.668737     0.226174     0.088643
v    -0.687395     0.168180     0.101287
v    -0.723375     0.024229     0.144666
v    -0.724030     0.011841     0.151233
v    -0.723446     0.005868     0.155443
v    -0.718819    -0.002801     0.165944
v    -0.713422    -0.006460     0.174373
v    -0.672091    -0.027061     0.234541
v    -0.641446    -0.035106     0.274875
v    -0.601997    -0.040808     0.324044
v    -0.599615    -0.048123     0.328358
v    -0.579073    -0.056256     0.353274
v    -0.565907    -0.059231     0.368743
v    -0.566977    -0.062519     0.366804
v    -0.565812    -0.063356     0.367927
v    -0.440908    -0.308493     0.367927
v    -0.433800    -0.313489     0.373224
v    -0.360371    -0.395323     0.390429
v    -0.259713    -0.621283     0.272783
v    -0.237675    -0.643321     0.272783
v    -0.194102    -0.856560     0.070715
v    -0.191241    -0.836764     0.095389
v    -0.199025    -0.758413     0.181742
v    -0.194205    -0.860272     0.066172
v    -0.190667    -0.867103     0.058531
v    -0.121691    -0.878028     0.058531
v    -0.100660    -0.879747     0.060496
v    -0.100660    -0.834601     0.115505
v    -0.007321    -0.864996     0.060456
v    -0.082315    -0.892100     0.041902
v    -0.071438    -0.891211     0.040886
v    -0.038982    -0.886071     0.040886
v    -0.020078    -0.874366     0.051501
v     0.060644    -0.816309     0.099998
v     0.371480    -0.558178     0.241696
v     0.468474    -0.476679     0.257982
v     0.552066    -0.396758     0.263023
v     0.559127    -0.388889     0.261369
v     0.563921    -0.385519     0.257797
v     0.564357    -0.385096     0.257541
v     0.565531    -0.382791     0.257541
v     0.571797    -0.378295     0.251502
v     0.575235    -0.376515     0.247657
v     0.578289    -0.374411     0.244341
v     0.580914    -0.372299     0.241550
v     0.673741    -0.257909     0.108495
v     0.674846    -0.256772     0.106148
v     0.699409    -0.220410     0.051238
v     0.712726    -0.200448     0.021407
v     0.716346    -0.193762     0.012987
v     0.720539    -0.184086     0.002760
v     0.721092    -0.180979     0.000960
v     0.716973    -0.134050    -0.002893
v     0.711361    -0.091425    -0.002893
v     0.708237    -0.058981    -0.006418
v     0.696536    -0.038208     0.008300
v     0.639006     0.174434    -0.047742
v     0.620641     0.230100    -0.056349
v     0.510957     0.494899    -0.056349
v     0.459714     0.668311    -0.112742
v     0.441892     0.701411    -0.111290
v     0.384278     0.778932    -0.083765
v     0.379100     0.783017    -0.079060
v     0.333400     0.792623    -0.017057
v     0.319783     0.781891     0.011942
v     0.351592     0.818866    -0.079060
v     0.350610     0.819579    -0.078356
v     0.345095     0.820354    -0.070397
v     0.336308     0.811568    -0.045277
v     0.332521     0.800085    -0.024897
v     0.325332     0.790964    -0.005473
v     0.340452     0.823917    -0.070397
v     0.335872     0.813750    -0.048266
v     0.335863     0.813686    -0.048151
v     0.338865     0.827330    -0.075453
v     0.334550     0.829117    -0.075453
v     0.334155     0.823540    -0.064922
v     0.196778     0.788535     0.034405
v     0.325616     0.838256    -0.090349
v     0.308328     0.849175    -0.106519
v     0.299391     0.852924    -0.111332
v     0.292223     0.855348    -0.114101
v     0.226497     0.864001    -0.114101
v     0.196778     0.866609    -0.111661
v     0.190997     0.869114    -0.117771
v     0.148253     0.865363    -0.121281
v     0.054480     0.853017    -0.121281
v     0.022631     0.842248    -0.108978
v    -0.067845     0.804288    -0.060245
v    -0.068103     0.804165    -0.060078
v    -0.245968     0.718086     0.041252
v    -0.316236     0.678506     0.091035
v    -0.318988     0.676845     0.093179
v    -0.349284     0.659481     0.106369
v    -0.357107     0.655117     0.108431
v    -0.366121     0.650263     0.108827
v    -0.370636     0.646908     0.110430
v    -0.392214     0.636642     0.100253
v    -0.452662     0.602453     0.074073
v    -0.463344     0.595134     0.070067
v    -0.534379     0.537740     0.042064
v    -0.554426     0.519492     0.032285
v    -0.565386     0.505209     0.032285
v    -0.565641     0.504671     0.032539
v    -0.573552     0.494027     0.028759
v    -0.579251     0.483442     0.028295
v    -0.586986     0.462876     0.032464
v    -0.644851     0.299071     0.071359
v    -0.690875     0.157632     0.102918
v    -0.702841     0.115110     0.113277
v    -0.721733     0.045283     0.131680
v    -0.722358     0.041479     0.133424
v    -0.722916     0.037679     0.135288
v    -0.723490     0.005411     0.155493
v    -0.721539    -0.002246     0.161029
v    -0.719139    -0.002801     0.165384
v    -0.723850     0.002680     0.155493
v    -0.724019     0.000752     0.155651
v    -0.723540    -0.000354     0.156820
v    -0.722516    -0.002246     0.159203
v    -0.722106    -0.005355     0.159203
v    -0.722014    -0.005502     0.159340
v    -0.719787    -0.005344     0.163545
v    -0.713264    -0.037842     0.150817
v    -0.676608    -0.126338     0.150817
v    -0.661022    -0.179082     0.133664
v    -0.587789    -0.277618     0.168652
v    -0.462915    -0.540088     0.044861
v    -0.234148    -0.838223     0.044861
v    -0.218432    -0.868562     0.027445
v    -0.202242    -0.870470     0.044455
v    -0.217281    -0.876748     0.015631
v    -0.211129    -0.881469     0.015631
v    -0.204312    -0.880821     0.025140
v    -0.201417    -0.874394     0.039130
v    -0.193888    -0.874052     0.045480
v    -0.195542    -0.884454     0.025140
v    -0.192230    -0.883504     0.029399
v    -0.156634    -0.886932     0.033266
v    -0.117716    -0.892056     0.033266
v    -0.082315    -0.895163     0.036173
v    -0.076012    -0.897893     0.029512
v    -0.055706    -0.895220     0.029512
v    -0.054163    -0.895071     0.029344
v    -0.040464    -0.887355     0.039049
v     0.147098    -0.751811     0.142989
v     0.495415    -0.454254     0.260817
v     0.474716    -0.471889     0.257982
v     0.493754    -0.456078     0.259927
v     0.555145    -0.394523     0.260817
v     0.561337    -0.388887     0.257797
v     0.583544    -0.370274     0.238265
v     0.614230    -0.338534     0.196575
v     0.622069    -0.329488     0.185365
v     0.671215    -0.261910     0.112237
v     0.722534    -0.175114    -0.005971
v     0.723488    -0.170342    -0.010890
v     0.720116    -0.133562    -0.013436
v     0.718789    -0.121784    -0.013436
v     0.712862    -0.064029    -0.018588
v     0.711379    -0.060009    -0.015656
v     0.680310     0.049588    -0.039833
v     0.659446     0.116019    -0.047742
v     0.602349     0.288233    -0.072205
v     0.538033     0.464642    -0.096190
v     0.508366     0.545539    -0.106712
v     0.507350     0.548220    -0.106971
v     0.464765     0.659287    -0.116340
v     0.464450     0.660047    -0.116340
v     0.433356     0.718516    -0.118127
v     0.390741     0.786337    -0.118127
v     0.379972     0.798277    -0.108027
v     0.374812     0.804450    -0.107053
v     0.362730     0.814768    -0.097464
v     0.354651     0.822847    -0.097464
v     0.349977     0.826401    -0.094537
v     0.349424     0.826614    -0.093647
v     0.348500     0.825312    -0.087829
v     0.338942     0.827440    -0.075840
v     0.335487     0.835371    -0.093647
v     0.332183     0.837948    -0.096957
v     0.331794     0.838302    -0.097680
v     0.321623     0.844522    -0.106519
v     0.276993     0.860968    -0.125210
v     0.267510     0.863492    -0.129129
v     0.241255     0.866186    -0.126787
v     0.215714     0.869064    -0.126787
v     0.190997     0.871330    -0.125076
v     0.184550     0.872619    -0.131721
v     0.171496     0.873229    -0.138581
v     0.165321     0.873229    -0.140875
v     0.134192     0.870376    -0.143029
v     0.122950     0.869109    -0.143029
v     0.098547     0.866605    -0.145206
v     0.072555     0.859687    -0.134465
v    -0.274493     0.704038     0.054757
v    -0.387573     0.639558     0.100253
v    -0.450328     0.604003     0.074627
v    -0.509792     0.558828     0.051209
v    -0.534202     0.537916     0.042064
v    -0.557250     0.517080     0.030043
v    -0.564737     0.508123     0.028630
v    -0.565363     0.507428     0.028043
v    -0.572658     0.495819     0.028043
v    -0.660145     0.253478     0.081196
v    -0.720226     0.053786     0.126805
v    -0.724398     0.008260     0.151552
v    -0.724499     0.007061     0.151727
v    -0.725077     0.000752     0.152164
v    -0.725113     0.000574     0.151980
v    -0.725044    -0.000181     0.151928
v    -0.724538    -0.004666     0.151928
v    -0.724180    -0.004677     0.153105
v    -0.724633    -0.007928     0.147822
v    -0.716244    -0.037523     0.141293
v    -0.712820    -0.047307     0.141293
v    -0.693787    -0.107798     0.124795
v    -0.673331    -0.168776     0.111638
v    -0.673052    -0.169538     0.111539
v    -0.669764    -0.175274     0.114036
v    -0.540318    -0.434662     0.010365
v    -0.496215    -0.520498    -0.020026
v    -0.494436    -0.523869    -0.021074
v    -0.451212    -0.592659    -0.021074
v    -0.353638    -0.768766    -0.107549
v    -0.339906    -0.789439    -0.112456
v    -0.286384    -0.853473    -0.102354
v    -0.270141    -0.867344    -0.089462
v    -0.225509    -0.883766    -0.015711
v    -0.223848    -0.883314    -0.011088
v    -0.263524    -0.873961    -0.089462
v    -0.256390    -0.879386    -0.084995
v    -0.238764    -0.886176    -0.056664
v    -0.227364    -0.886381    -0.027398
v    -0.213931    -0.885522     0.001349
v    -0.214730    -0.888460    -0.009285
v    -0.213892    -0.885611     0.001150
v    -0.196444    -0.886429     0.018707
v    -0.201627    -0.893045    -0.009285
v    -0.194349    -0.892833    -0.000124
v    -0.152186    -0.897160     0.003637
v    -0.080295    -0.905120     0.004099
v    -0.075968    -0.904056     0.009213
v    -0.075968    -0.898049     0.029015
v    -0.086958    -0.904509     0.003637
v    -0.060912    -0.900278     0.016074
v    -0.065945    -0.902927     0.009213
v    -0.054894    -0.897307     0.022770
v    -0.037560    -0.887219     0.036127
v    -0.052930    -0.896620     0.022770
v    -0.033785    -0.885055     0.037771
v     0.107892    -0.783342     0.121676
v     0.138472    -0.759592     0.135692
v     0.585814    -0.368751     0.234206
v     0.618301    -0.334319     0.190204
v     0.714248    -0.198228     0.017628
v     0.716371    -0.193929     0.012844
v     0.717560    -0.191670     0.009765
v     0.718185    -0.190246     0.008233
v     0.720535    -0.184124     0.002760
v     0.724138    -0.170342    -0.017488
v     0.724138    -0.159210    -0.028620
v     0.720668    -0.123980    -0.028620
v     0.720116    -0.118730    -0.028268
v     0.714406    -0.068052    -0.028268
v     0.714051    -0.065148    -0.028018
v     0.681500     0.045665    -0.039833
v     0.654379     0.131734    -0.051078
v     0.621547     0.230999    -0.065792
v     0.458728     0.671100    -0.118438
v     0.443231     0.701000    -0.123907
v     0.431810     0.722368    -0.123907
v     0.423629     0.736741    -0.129526
v     0.421296     0.740589    -0.130091
v     0.397262     0.778840    -0.130091
v     0.393358     0.784074    -0.126021
v     0.377394     0.803525    -0.126021
v     0.370531     0.811305    -0.121041
v     0.369670     0.812166    -0.121041
v     0.364620     0.816620    -0.117809
v     0.346894     0.831168    -0.117809
v     0.343959     0.833358    -0.115526
v     0.343688     0.833528    -0.115526
v     0.341010     0.835052    -0.116573
v     0.319414     0.846595    -0.116573
v     0.312313     0.849857    -0.122585
v     0.308877     0.851060    -0.122585
v     0.296515     0.855046    -0.125210
v     0.265442     0.863944    -0.131074
v     0.220001     0.869064    -0.131074
v     0.210370     0.870076    -0.131721
v     0.161407     0.873046    -0.142931
v     0.143865     0.871947    -0.149309
v     0.127912     0.870376    -0.149309
v     0.114997     0.869018    -0.150176
v     0.103831     0.867760    -0.150176
v     0.045412     0.851454    -0.134465
v     0.010290     0.840128    -0.127008
v     0.008923     0.839554    -0.125241
v    -0.353828     0.661632     0.054757
v    -0.404652     0.632703     0.074627
v    -0.487599     0.577041     0.051209
v    -0.556551     0.518200     0.027757
v    -0.556646     0.518105     0.027580
v    -0.559916     0.514398     0.025206
v    -0.566303     0.506615     0.025206
v    -0.567176     0.505445     0.024297
v    -0.569990     0.500967     0.024297
v    -0.572031     0.497382     0.025698
v    -0.576938     0.488200     0.025698
v    -0.577604     0.486897     0.026044
v    -0.578493     0.485092     0.026898
v    -0.662248     0.246987     0.082505
v    -0.690584     0.159112     0.101162
v    -0.690796     0.158415     0.101162
v    -0.709379     0.092892     0.115520
v    -0.720050     0.054588     0.126050
v    -0.723984     0.027514     0.135970
v    -0.724398     0.021614     0.138198
v    -0.725667     0.001375     0.145556
v    -0.725667     0.000574     0.146358
v    -0.725291    -0.003236     0.146358
v    -0.725044    -0.005594     0.146516
v    -0.724798    -0.007773     0.146516
v    -0.724764    -0.007929     0.146370
v    -0.715958    -0.038979     0.139565
v    -0.712028    -0.051472     0.136151
v    -0.672962    -0.169734     0.111373
v    -0.601557    -0.313171     0.052048
v    -0.448344    -0.605361    -0.054871
v    -0.441958    -0.616645    -0.059527
v    -0.377977    -0.729050    -0.103471
v    -0.370260    -0.742312    -0.107549
v    -0.337309    -0.792921    -0.115163
v    -0.332138    -0.799579    -0.118215
v    -0.295773    -0.843890    -0.118215
v    -0.284118    -0.857101    -0.109757
v    -0.281166    -0.860053    -0.109757
v    -0.269951    -0.869947    -0.102578
v    -0.264674    -0.874278    -0.102578
v    -0.258294    -0.879037    -0.097618
v    -0.254748    -0.881419    -0.092129
v    -0.254715    -0.881323    -0.090837
v    -0.239691    -0.887353    -0.068295
v    -0.239675    -0.887350    -0.068209
v    -0.242119    -0.888170    -0.092129
v    -0.239569    -0.889341    -0.089970
v    -0.202680    -0.894620    -0.024318
v    -0.237697    -0.889945    -0.090367
v    -0.194841    -0.902945    -0.090367
v    -0.194781    -0.902958    -0.090423
v    -0.181019    -0.904509    -0.090423
v    -0.079805    -0.909829    -0.043226
v    -0.079805    -0.905886    -0.003194
v    -0.160788    -0.906635    -0.091781
v    -0.105643    -0.912067    -0.091781
v    -0.093001    -0.912067    -0.079139
v    -0.086039    -0.911291    -0.064300
v    -0.068853    -0.906238    -0.017719
v    -0.068711    -0.905886    -0.014289
v    -0.065936    -0.902939     0.009092
v    -0.058003    -0.901380    -0.000320
v    -0.058022    -0.901692    -0.003715
v    -0.022265    -0.880431     0.020486
v    -0.037898    -0.890935    -0.003715
v     0.418033    -0.530162     0.135692
v     0.522013    -0.438430     0.202257
v     0.576037    -0.384406     0.202257
v     0.599696    -0.357589     0.185090
v     0.619996    -0.332852     0.185090
v     0.714476    -0.197985     0.016523
v     0.715181    -0.196848     0.014149
v     0.720898    -0.183781    -0.000127
v     0.722534    -0.179092    -0.009948
v     0.722902    -0.177969    -0.012563
v     0.723833    -0.173436    -0.017488
v     0.723437    -0.159210    -0.035738
v     0.720668    -0.128556    -0.033196
v     0.716609    -0.090040    -0.030709
v     0.511560     0.536611    -0.106167
v     0.508607     0.544849    -0.106712
v     0.429604     0.725643    -0.129039
v     0.412765     0.753514    -0.132798
v     0.396365     0.779616    -0.132798
v     0.415907     0.748709    -0.131994
v     0.396175     0.779827    -0.132976
v     0.380432     0.798661    -0.135948
v     0.379603     0.799369    -0.136605
v     0.362043     0.816929    -0.136605
v     0.359269     0.819038    -0.138342
v     0.352475     0.824717    -0.137270
v     0.347901     0.827252    -0.139516
v     0.325719     0.841190    -0.139516
v     0.324532     0.841782    -0.139991
v     0.315250     0.847102    -0.135950
v     0.313464     0.847664    -0.136437
v     0.287052     0.856906    -0.136437
v     0.282128     0.858302    -0.137523
v     0.268035     0.862959    -0.133279
v     0.265483     0.863901    -0.131417
v     0.211873     0.869402    -0.136200
v     0.205891     0.870076    -0.136200
v     0.123140     0.869018    -0.158319
v     0.134350     0.870515    -0.154331
v     0.121866     0.868820    -0.158806
v     0.102806     0.866672    -0.158806
v     0.097028     0.864454    -0.163971
v     0.080466     0.858342    -0.176053
v     0.078935     0.857587    -0.177756
v     0.036478     0.839773    -0.200625
v    -0.005884     0.824950    -0.200625
v    -0.033465     0.808081    -0.224594
v    -0.108123     0.765291    -0.257099
v    -0.159729     0.739538    -0.236473
v    -0.293544     0.655456    -0.236473
v    -0.335024     0.632474    -0.216105
v    -0.454780     0.575673    -0.094160
v    -0.497420     0.555533    -0.050183
v    -0.510599     0.550456    -0.029001
v    -0.530435     0.535371    -0.016580
v    -0.539637     0.528727    -0.007131
v    -0.556642     0.514255     0.006633
v    -0.558814     0.512582     0.009347
v    -0.562663     0.509999     0.016229
v    -0.553329     0.517035     0.003738
v    -0.556396     0.514458     0.006402
v    -0.565332     0.507040     0.018731
v    -0.570612     0.499127     0.020766
v    -0.570852     0.498819     0.021075
v    -0.567952     0.502870     0.018731
v    -0.579237     0.482965     0.026898
v    -0.687308     0.168970     0.097984
v    -0.720223     0.052983     0.125978
v    -0.722358     0.039279     0.131224
v    -0.723493     0.030777     0.134248
v    -0.725291    -0.002749     0.145870
v    -0.725259    -0.003050     0.145883
v    -0.389348    -0.708668    -0.098099
v    -0.370123    -0.742505    -0.107654
v    -0.348861    -0.774536    -0.115163
v    -0.329462    -0.802546    -0.120725
v    -0.303104    -0.834081    -0.125699
v    -0.296366    -0.842940    -0.120152
v    -0.282508    -0.856798    -0.120152
v    -0.278086    -0.861977    -0.116042
v    -0.269676    -0.869006    -0.114715
v    -0.267667    -0.870818    -0.113015
v    -0.249262    -0.882383    -0.113015
v    -0.248524    -0.882958    -0.112276
v    -0.246336    -0.884212    -0.111324
v    -0.235098    -0.887748    -0.114389
v    -0.217449    -0.893924    -0.114389
v    -0.203840    -0.897782    -0.117391
v    -0.197427    -0.900149    -0.112713
v    -0.155005    -0.904502    -0.116497
v    -0.136072    -0.906635    -0.116497
v    -0.108590    -0.909155    -0.118400
v    -0.106223    -0.909628    -0.115960
v    -0.105643    -0.910536    -0.107321
v    -0.092385    -0.910536    -0.094063
v    -0.093626    -0.908209    -0.115960
v    -0.092201    -0.910340    -0.095617
v    -0.086589    -0.909237    -0.088959
v    -0.085919    -0.909354    -0.085406
v    -0.090919    -0.906784    -0.119651
v    -0.089698    -0.906181    -0.121010
v    -0.089119    -0.905979    -0.121010
v    -0.038157    -0.890184    -0.013741
v    -0.073762    -0.892013    -0.149540
v    -0.072055    -0.890606    -0.151752
v    -0.040873    -0.866289    -0.182986
v    -0.007576    -0.841831    -0.206362
v    -0.002749    -0.838400    -0.208987
v     0.017827    -0.825471    -0.208987
v     0.085670    -0.764278    -0.266374
v     0.153483    -0.707597    -0.277072
v     0.243344    -0.639259    -0.220805
v     0.491672    -0.390931    -0.220805
v     0.660754    -0.246542    -0.086597
v     0.675029    -0.236963    -0.061078
v     0.698091    -0.211394    -0.039449
v     0.714983    -0.196780     0.011517
v     0.717646    -0.180272    -0.039449
v     0.719599    -0.177769    -0.036941
v     0.720960    -0.176271    -0.034160
v     0.722422    -0.177406    -0.019783
v     0.722524    -0.177992    -0.016673
v     0.722068    -0.173107    -0.034160
v     0.723128    -0.173816    -0.024042
v     0.723306    -0.173648    -0.022629
v     0.723306    -0.160190    -0.036087
v     0.721972    -0.169816    -0.038302
v     0.722006    -0.169486    -0.038332
v     0.722392    -0.166054    -0.038332
v     0.397025     0.776007    -0.137767
v     0.395672     0.777322    -0.138560
v     0.378420     0.799804    -0.138560
v     0.360692     0.815171    -0.144733
v     0.369806     0.806057    -0.144733
v     0.353215     0.819044    -0.149026
v     0.340319     0.828939    -0.149026
v     0.326286     0.837755    -0.149033
v     0.333387     0.832238    -0.152295
v     0.327498     0.836614    -0.150204
v     0.300946     0.848251    -0.149033
v     0.296866     0.850000    -0.147965
v     0.300257     0.848437    -0.149215
v     0.214820     0.868083    -0.139061
v     0.208545     0.868909    -0.139061
v     0.102701     0.863615    -0.168848
v     0.087490     0.858713    -0.177756
v     0.035759     0.839319    -0.201297
v    -0.013026     0.811840    -0.235861
v    -0.019790     0.808723    -0.238354
v    -0.098338     0.760087    -0.282457
v    -0.113043     0.753997    -0.282457
v    -0.159115     0.710646    -0.326973
v    -0.185801     0.690813    -0.336449
v    -0.216580     0.676169    -0.321932
v    -0.237305     0.667975    -0.307009
v    -0.241112     0.666003    -0.304824
v    -0.255789     0.659512    -0.293838
v    -0.312429     0.639456    -0.239948
v    -0.499615     0.553940    -0.048610
v    -0.513038     0.545574    -0.035388
v    -0.529782     0.535611    -0.017660
v    -0.572285     0.495089     0.020766
v    -0.577625     0.486465     0.025608
v    -0.332404    -0.796679    -0.123025
v    -0.330005    -0.800108    -0.123783
v    -0.324706    -0.805254    -0.126889
v    -0.303501    -0.832890    -0.126889
v    -0.302832    -0.834181    -0.126148
v    -0.283315    -0.854606    -0.123775
v    -0.285719    -0.851294    -0.126148
v    -0.262453    -0.870614    -0.123775
v    -0.260816    -0.871392    -0.124547
v    -0.250810    -0.878829    -0.120994
v    -0.226291    -0.888161    -0.123251
v    -0.243870    -0.880880    -0.123251
v    -0.203842    -0.897778    -0.117404
v    -0.215943    -0.890961    -0.125978
v    -0.162559    -0.901753    -0.121889
v    -0.148733    -0.903573    -0.121889
v    -0.108590    -0.907097    -0.125185
v    -0.103552    -0.904914    -0.130510
v    -0.099994    -0.902987    -0.134990
v    -0.097897    -0.902311    -0.136218
v    -0.088005    -0.901009    -0.136218
v    -0.071753    -0.890297    -0.152255
v    -0.051993    -0.873174    -0.176742
v     0.043312    -0.795061    -0.253492
v     0.076102    -0.766408    -0.278375
v     0.112520    -0.718708    -0.323862
v     0.138707    -0.685513    -0.354026
v     0.155657    -0.667171    -0.366312
v     0.166352    -0.656161    -0.372768
v     0.174792    -0.649684    -0.372768
v     0.234513    -0.567412    -0.431725
v     0.273897    -0.528027    -0.431725
v     0.433049    -0.412501    -0.317675
v     0.437332    -0.406918    -0.317675
v     0.501230    -0.356510    -0.259611
v     0.662386    -0.233472    -0.105932
v     0.663311    -0.232834    -0.104927
v     0.663862    -0.232578    -0.104111
v     0.709905    -0.183644    -0.056830
v     0.709972    -0.183483    -0.056830
v     0.719862    -0.172153    -0.042592
v     0.721207    -0.170067    -0.040550
v     0.721813    -0.168186    -0.039449
v     0.423230     0.734336    -0.131994
v     0.369831     0.805843    -0.144958
v     0.395000     0.777794    -0.139061
v     0.354924     0.812895    -0.154313
v     0.348182     0.819637    -0.154313
v     0.334781     0.825607    -0.161291
v     0.314153     0.836007    -0.161458
v     0.334393     0.825497    -0.161758
v     0.314376     0.835697    -0.161758
v     0.311986     0.837643    -0.160104
v     0.202505     0.864945    -0.147965
v     0.052395     0.835080    -0.213326
v     0.034667     0.819394    -0.235861
v    -0.157122     0.710555    -0.328655
v    -0.129480     0.731428    -0.311368
v    -0.168007     0.695388    -0.343274
v    -0.185785     0.686330    -0.343274
v    -0.186690     0.686586    -0.342183
v    -0.198331     0.681401    -0.336122
v    -0.213409     0.676543    -0.325265
v    -0.218365     0.674199    -0.322154
v    -0.565765     0.502173     0.014189
v    -0.701463     0.079594     0.097984
v    -0.704978     0.075622     0.103033
v    -0.721829     0.010411     0.136151
v    -0.369764    -0.734604    -0.114318
v    -0.360730    -0.741087    -0.123025
v    -0.303790    -0.830441    -0.129462
v    -0.320922    -0.807915    -0.129709
v    -0.306906    -0.823535    -0.132993
v    -0.306783    -0.823721    -0.132961
v    -0.282565    -0.851666    -0.129462
v    -0.277010    -0.855781    -0.129701
v    -0.261097    -0.870059    -0.126355
v    -0.282336    -0.851768    -0.129581
v    -0.236118    -0.880527    -0.129788
v    -0.251759    -0.872558    -0.129788
v    -0.216016    -0.890549    -0.126678
v    -0.225908    -0.883079    -0.132865
v    -0.188216    -0.892927    -0.130222
v    -0.151033    -0.898816    -0.130222
v    -0.077777    -0.888763    -0.156611
v    -0.061939    -0.874749    -0.176742
v     0.042936    -0.795345    -0.253257
v     0.132358    -0.691064    -0.350507
v     0.181318    -0.634869    -0.388632
v     0.218970    -0.583938    -0.424284
v     0.231872    -0.568732    -0.432868
v     0.233166    -0.567571    -0.433140
v     0.238743    -0.555782    -0.440538
v     0.244774    -0.546155    -0.444820
v     0.261106    -0.529824    -0.444820
v     0.274428    -0.523522    -0.436459
v     0.430487    -0.408357    -0.326961
v     0.277142    -0.520497    -0.435823
v     0.298415    -0.502449    -0.423815
v     0.364463    -0.453620    -0.377581
v     0.422021    -0.413161    -0.334694
v     0.469370    -0.379374    -0.290320
v     0.706903    -0.185467    -0.060952
v     0.699926    -0.185467    -0.069454
v     0.697238    -0.149526    -0.065792
v     0.393965     0.766156    -0.147146
v     0.381140     0.771902    -0.155391
v     0.353696     0.812975    -0.155391
v     0.333942     0.821716    -0.165731
v     0.333760     0.824506    -0.163283
v     0.315647     0.822896    -0.175866
v     0.311312     0.814728    -0.186019
v     0.152027     0.714838    -0.333955
v     0.098255     0.689016    -0.375014
v     0.024791     0.703629    -0.375014
v     0.034667     0.747339    -0.323660
v     0.290755     0.797716    -0.209745
v     0.248764     0.767652    -0.252939
v     0.006416     0.687175    -0.391517
v    -0.021788     0.651243    -0.425610
v    -0.088591     0.637955    -0.425610
v    -0.098170     0.642554    -0.418297
v    -0.155752     0.673991    -0.370072
v    -0.168618     0.683203    -0.356837
v    -0.169123     0.684154    -0.355655
v    -0.185314     0.685593    -0.344407
v    -0.172005     0.680940    -0.356837
v    -0.174533     0.681352    -0.354910
v    -0.185372     0.684699    -0.345192
v    -0.191874     0.681822    -0.341789
v    -0.196407     0.678930    -0.339403
v    -0.192695     0.680593    -0.341789
v    -0.276548     0.643020    -0.279494
v    -0.369239     0.177031    -0.279494
v    -0.441434     0.120364    -0.210994
v    -0.477942     0.079594    -0.174378
v    -0.477142     0.068899    -0.173288
v    -0.333073    -0.655386    -0.173288
v    -0.326884    -0.742781    -0.160701
v    -0.327999    -0.744338    -0.159099
v    -0.318849    -0.784599    -0.145907
v    -0.310152    -0.810125    -0.138236
v    -0.316769    -0.787712    -0.145907
v    -0.302357    -0.828147    -0.132961
v    -0.267577    -0.860861    -0.130823
v    -0.250269    -0.872426    -0.130823
v    -0.226342    -0.878708    -0.137682
v    -0.235047    -0.875886    -0.135810
v    -0.103969    -0.853912    -0.192931
v    -0.081889    -0.858303    -0.192931
v    -0.061939    -0.859795    -0.194964
v    -0.006181    -0.809866    -0.245042
v     0.021006    -0.788204    -0.266191
v     0.030480    -0.778112    -0.275419
v     0.130796    -0.691375    -0.350507
v     0.236371    -0.558692    -0.439323
v     0.245365    -0.544993    -0.445357
v     0.248104    -0.540406    -0.447092
v     0.256119    -0.530149    -0.449196
v     0.256229    -0.529868    -0.449268
v     0.406697    -0.420069    -0.348397
v     0.660933    -0.229012    -0.108562
v     0.274474    -0.420069    -0.456910
v     0.261218    -0.407691    -0.465768
v     0.259990    -0.405491    -0.466417
v     0.231877    -0.327923    -0.476826
v     0.226603    -0.252539    -0.468848
v     0.028786     0.485724    -0.468848
v     0.022241     0.603904    -0.450495
v     0.044805     0.634117    -0.428095
v     0.056956     0.646268    -0.416838
v     0.077159     0.664612    -0.398486
v     0.269598     0.776559    -0.235973
v     0.003492     0.603264    -0.458724
v    -0.010065     0.597435    -0.465637
v    -0.010090     0.597437    -0.465640
v    -0.025777     0.601640    -0.465640
v    -0.025777     0.601938    -0.465423
v    -0.021788     0.617834    -0.453028
v    -0.065916     0.616432    -0.446975
v    -0.084834     0.633608    -0.429791
v    -0.027977     0.597836    -0.467989
v    -0.039865     0.594650    -0.467989
v    -0.041843     0.594541    -0.467682
v    -0.042897     0.594994    -0.467144
v    -0.049142     0.599658    -0.462515
v    -0.045731     0.595091    -0.465900
v    -0.051788     0.485735    -0.482884
v    -0.083674     0.366734    -0.482884
v    -0.100957     0.220887    -0.492509
v    -0.147923     0.177031    -0.461123
v    -0.092864     0.235379    -0.496784
v    -0.129188    -0.090755    -0.432785
v    -0.313753    -0.730365    -0.172725
v    -0.323142    -0.742937    -0.163404
v    -0.090714    -0.234344    -0.432785
v    -0.082019    -0.391316    -0.408407
v    -0.321419    -0.750550    -0.160904
v    -0.052388    -0.826551    -0.223806
v     0.190474    -0.607342    -0.409729
v     0.214002    -0.582144    -0.426567
v     0.219419    -0.572781    -0.432347
v     0.225510    -0.565110    -0.436759
v     0.232755    -0.559661    -0.439323
v     0.256146    -0.529400    -0.449420
v     0.258309    -0.490350    -0.455485
v     0.273532    -0.433539    -0.455485
v     0.209991    -0.288442    -0.482870
v     0.014871     0.222540    -0.513980
v     0.000856     0.406920    -0.495064
v    -0.013447     0.441450    -0.495064
v    -0.021276     0.582897    -0.473095
v    -0.019021     0.588479    -0.471118
v    -0.026557     0.591600    -0.471118
v    -0.027046     0.591638    -0.471169
v    -0.027977     0.592721    -0.470723
v    -0.033283     0.592318    -0.470179
v    -0.037214     0.590689    -0.470179
v    -0.037951     0.590649    -0.470064
v    -0.043043     0.498633    -0.484356
v    -0.050219     0.481309    -0.484356
v    -0.067238     0.257411    -0.507326
v    -0.070655    -0.177750    -0.451612
v    -0.028695    -0.377018    -0.434049
v    -0.034953    -0.263942    -0.451612
v     0.201631    -0.579085    -0.426430
v     0.199461    -0.554321    -0.436759
v     0.254289    -0.524802    -0.451048
v     0.256481    -0.485192    -0.457200
v     0.255985    -0.476532    -0.458706
v     0.012984     0.225923    -0.514127
v    -0.012943     0.421486    -0.497420
v    -0.014127     0.439013    -0.495577
v    -0.024272     0.479471    -0.490593
v    -0.024272     0.582061    -0.473725
v    -0.027046     0.587852    -0.472317
v    -0.034768     0.468976    -0.490593
v    -0.062816     0.257411    -0.508668
v    -0.056732     0.251850    -0.509814
v    -0.003360    -0.150723    -0.475421
v     0.238385    -0.477310    -0.461472
v     0.238385    -0.502786    -0.457283
v     0.178001    -0.519635    -0.444584
v     0.209991    -0.364074    -0.475421
v     0.248104    -0.523076    -0.452349
v     0.252315    -0.463380    -0.461472
v    -0.012943     0.251850    -0.514127
f      1      2      3
f      1      3      4
f      1      4      5
f      1      5      6
f      1      6      7
f      1      7      8
f      1      8      9
f      8      7     10
f      8     10     11
f      8     11     12
f     13     14     15
f     13     15     16
f     13     16     17
f     13     17     18
f     13     18     19
f     13     19     20
f     13     20     21
f     22     23      9
f     22      9      8
f     22      8     12
f     22     12     24
f     22     24     25
f     22     25     13
f     22     13     21
f     22     21     26
f     22     26     27
f     22     27     28
f     22     28     29
f     22     29     30
f     22     30     31
f     22     31     32
f     33     34      1
f     33      1      9
f     33      9     23
f     33     23     35
f     36     37     38
f     36     38     39
f     36     39     40
f     36     40      2
f     36      2      1
f     36      1     34
f     39     41     40
f      6     42     43
f      6     43     44
f      6     44     10
f      6     10      7
f     10     44     45
f     10     45     11
f     24     46     25
f     21     20     47
f     21     47     26
f     28     48     49
f     28     49     29
f     29     49     50
f     29     50     51
f     29     51     52
f     29     52     53
f     29     53     54
f     29     54     55
f     29     55     56
f     29     56     57
f     29     57     30
f     30     57     58
f     30     58     59
f     30     59     60
f     30     60     61
f     30     61     62
f     30     62     31
f     63     60     59
f     63     59     64
f     63     64     65
f     63     65     66
f     63     66     67
f     32     31     62
f     32     62     68
f     35     23     22
f     69     70     71
f     69     71     37
f     69     37     36
f     71     72     38
f     71     38     37
f     73     41     39
f     73     39     38
f     73     38     72
f     73     72     74
f      5     75     42
f      5     42      6
f     76     77     43
f     76     43     42
f     76     42     75
f     45     44     43
f     45     43     77
f     45     77     78
f     25     46     79
f     25     79     14
f     25     14     13
f     80     15     14
f     80     14     79
f     16     81     17
f     18     82     19
f     50     49     48
f     52     83     53
f     54     84     85
f     54     85     86
f     54     86     55
f     55     86     87
f     55     87     88
f     55     88     89
f     55     89     90
f     55     90     56
f     56     90     91
f     56     91     92
f     56     92     93
f     56     93     94
f     56     94     95
f     56     95     58
f     56     58     57
f     59     58     95
f     59     95     96
f     59     96     97
f     59     97     64
f     64     97     98
f     64     98     99
f     64     99    100
f     64    100    101
f     64    101     65
f     66     65    101
f     66    101    102
f     66    102    103
f    104     61     60
f    104     60     63
f    104     63    105
f     68     62     61
f     68     61    104
f    106    107     69
f    106     69     36
f    106     36     34
f    106     34     33
f    108    109     70
f    108     70     69
f    108     69    107
f    110    111    109
f    110    109    108
f    110    108    112
f     74     72     71
f     74     71     70
f     74     70    109
f     74    109    111
f    113    114     73
f    113     73     74
f    113     74    111
f    113    111    110
f      3    115      4
f      4    115    116
f      4    116    117
f      4    117     76
f      4     76     75
f      4     75      5
f    118    117    116
f    118    116    119
f    118    119    120
f     78     77     76
f     78     76    117
f     78    117    118
f     12     11     45
f     12     45     78
f     12     78    118
f     12    118    120
f     12    120    121
f     12    121    122
f     12    122    123
f     12    123    124
f     12    124     80
f     12     80     79
f     12     79     46
f     12     46     24
f    124    125    126
f    124    126    127
f    124    127     81
f    124     81     16
f    124     16     15
f    124     15     80
f    123    128    129
f    123    129    125
f    123    125    124
f    126    130    127
f     17     81    127
f     17    127    130
f     17    130     82
f     17     82     18
f     26     47    131
f     26    131     27
f    132     83     52
f    132     52     51
f    133     85     84
f    134    135     87
f    134     87     86
f    134     86     85
f    134     85    133
f     87    135    136
f     87    136    137
f     87    137    138
f     87    138     88
f     88    138    139
f     88    139    140
f     88    140    141
f     88    141    142
f     88    142    143
f     88    143    144
f     88    144    145
f     88    145     89
f     89    145    146
f     89    146    147
f     89    147     91
f     89     91     90
f     95     94    148
f     95    148    149
f     95    149    150
f     95    150    151
f     95    151    152
f     95    152     96
f     96    152    153
f     96    153     98
f     96     98     97
f     98    153    154
f     98    154    155
f     98    155    156
f     98    156     99
f    101    100    157
f    101    157    158
f    101    158    159
f    101    159    102
f    103    102    159
f    103    159    160
f    161     67     66
f    161     66    103
f    161    103    160
f    161    160    162
f    161    162    163
f    161    163    164
f    161    164    165
f    161    165    166
f    161    166    167
f    161    167    168
f    161    168    169
f    161    169    170
f    161    170    171
f    161    171    172
f    173    105     63
f    173     63     67
f    173     67    161
f    174    175    176
f    174    176    177
f    174    177    178
f    174    178    179
f    174    179    106
f    174    106     33
f    174     33     35
f    174     35     22
f    174     22     32
f    174     32     68
f    174     68    104
f    174    104    105
f    174    105    173
f    179    112    108
f    179    108    107
f    179    107    106
f    175    180    176
f    177    181    178
f    182    183    184
f    178    181    185
f    178    185    113
f    178    113    110
f    178    110    112
f    178    112    179
f    176    180    184
f    176    184    183
f    176    183    186
f    176    186    187
f    176    187    185
f    176    185    181
f    176    181    177
f    187    188    189
f    187    189    190
f    187    190    191
f    187    191    192
f    187    192    193
f    187    193    114
f    187    114    113
f    187    113    185
f    193    194    119
f    193    119    116
f    193    116    115
f    193    115      3
f    193      3      2
f    193      2     40
f    193     40     41
f    193     41     73
f    193     73    114
f    191    195    196
f    191    196    197
f    191    197    192
f    192    197    198
f    192    198    194
f    192    194    193
f    196    199    200
f    196    200    201
f    196    201    202
f    196    202    203
f    196    203    198
f    196    198    197
f    120    119    194
f    120    194    198
f    120    198    203
f    120    203    204
f    120    204    205
f    120    205    206
f    120    206    207
f    120    207    208
f    120    208    121
f    121    208    209
f    121    209    210
f    121    210    211
f    121    211    212
f    121    212    213
f    121    213    214
f    121    214    215
f    121    215    216
f    121    216    217
f    121    217    218
f    121    218    219
f    121    219    122
f    122    219    220
f    122    220    221
f    122    221    222
f    122    222    128
f    122    128    123
f    218    220    219
f    221    223    222
f    222    223    224
f    222    224    129
f    222    129    128
f     19     82    130
f     19    130    126
f     19    126    125
f     19    125    129
f     19    129    224
f     19    224    225
f     19    225    226
f     19    226    131
f     19    131     47
f     19     47     20
f     27    131    226
f     27    226    227
f     27    227    132
f     27    132     51
f     27     51     50
f     27     50     48
f     27     48     28
f    227    228    229
f    227    229    134
f    227    134    133
f    227    133     84
f    227     84     54
f    227     54     53
f    227     53     83
f    227     83    132
f    229    136    135
f    229    135    134
f    230    231    232
f    232    231    139
f    232    139    138
f    232    138    137
f    233    234    235
f    233    235    236
f    233    236    237
f    233    237    140
f    233    140    139
f    233    139    231
f    233    231    230
f    238    237    236
f    238    236    239
f    238    239    240
f    238    240    241
f    238    241    242
f    140    237    238
f    140    238    243
f    140    243    141
f     91    147    244
f     91    244     92
f     93    245    148
f     93    148     94
f    151    154    153
f    151    153    152
f     99    156    246
f     99    246    247
f     99    247    157
f     99    157    100
f    158    157    247
f    158    247    248
f    158    248    249
f    158    249    250
f    160    159    158
f    160    158    250
f    160    250    251
f    160    251    162
f    162    251    252
f    162    252    253
f    162    253    254
f    162    254    163
f    170    255    256
f    170    256    257
f    170    257    258
f    170    258    259
f    170    259    260
f    170    260    261
f    170    261    262
f    170    262    263
f    170    263    171
f    172    171    263
f    172    263    264
f    172    264    265
f    173    161    172
f    173    172    265
f    173    265    266
f    173    266    267
f    173    267    268
f    173    268    174
f    268    269    270
f    268    270    271
f    268    271    272
f    268    272    273
f    268    273    274
f    268    274    182
f    268    182    184
f    268    184    180
f    268    180    175
f    268    175    174
f    272    275    276
f    272    276    277
f    272    277    278
f    272    278    279
f    272    279    273
f    273    279    280
f    273    280    274
f    277    281    282
f    277    282    283
f    277    283    278
f    278    283    280
f    278    280    279
f    282    281    284
f    282    284    285
f    282    285    286
f    274    280    283
f    274    283    282
f    274    282    286
f    274    286    287
f    274    287    186
f    274    186    183
f    274    183    182
f    286    285    288
f    286    288    289
f    286    289    290
f    286    290    291
f    286    291    292
f    286    292    293
f    286    293    287
f    186    287    293
f    186    293    294
f    186    294    295
f    186    295    296
f    186    296    297
f    186    297    298
f    186    298    299
f    186    299    188
f    186    188    187
f    299    300    301
f    299    301    302
f    299    302    189
f    299    189    188
f    190    303    304
f    190    304    195
f    190    195    191
f    304    305    306
f    304    306    199
f    304    199    196
f    304    196    195
f    306    307    200
f    306    200    199
f    203    202    308
f    203    308    309
f    203    309    204
f    206    310    311
f    206    311    312
f    206    312    313
f    206    313    207
f    207    313    314
f    207    314    315
f    207    315    316
f    207    316    317
f    207    317    209
f    207    209    208
f    211    318    319
f    211    319    320
f    211    320    321
f    211    321    322
f    211    322    212
f    214    323    324
f    214    324    325
f    214    325    215
f    326    327    328
f    326    328    329
f    326    329    324
f    326    324    323
f    324    329    330
f    324    330    331
f    324    331    332
f    324    332    325
f    215    325    332
f    215    332    216
f    216    332    331
f    216    331    333
f    216    333    334
f    216    334    217
f    217    334    335
f    217    335    336
f    217    336    225
f    217    225    224
f    217    224    223
f    217    223    221
f    217    221    220
f    217    220    218
f    226    225    336
f    226    336    337
f    226    337    338
f    226    338    228
f    226    228    227
f    338    339    340
f    338    340    233
f    338    233    230
f    338    230    232
f    338    232    137
f    338    137    136
f    338    136    229
f    338    229    228
f    341    342    343
f    341    343    344
f    341    344    340
f    341    340    339
f    340    344    345
f    340    345    234
f    340    234    233
f    343    346    347
f    343    347    345
f    343    345    344
f    345    347    348
f    345    348    235
f    345    235    234
f    235    348    349
f    235    349    350
f    235    350    239
f    235    239    236
f    239    350    351
f    239    351    352
f    239    352    240
f    240    352    353
f    240    353    354
f    240    354    241
f    141    243    142
f    146    145    144
f    146    144    355
f    356    149    148
f    356    148    245
f    356    245    357
f    356    357    358
f    150    155    154
f    150    154    151
f    247    246    359
f    247    359    360
f    247    360    248
f    250    249    252
f    250    252    251
f    163    254    361
f    163    361    164
f    166    362    363
f    166    363    167
f    169    364    255
f    169    255    170
f    261    365    366
f    261    366    367
f    261    367    368
f    261    368    262
f    263    262    368
f    263    368    369
f    263    369    370
f    263    370    264
f    265    264    370
f    265    370    371
f    265    371    372
f    265    372    266
f    267    373    374
f    267    374    375
f    267    375    376
f    267    376    377
f    267    377    378
f    267    378    269
f    267    269    268
f    270    379    380
f    270    380    381
f    270    381    271
f    271    381    382
f    271    382    383
f    271    383    275
f    271    275    272
f    383    384    385
f    383    385    386
f    383    386    387
f    383    387    276
f    383    276    275
f    276    387    388
f    276    388    284
f    276    284    281
f    276    281    277
f    386    389    388
f    386    388    387
f    388    389    390
f    388    390    288
f    388    288    285
f    388    285    284
f    288    390    391
f    288    391    392
f    288    392    289
f    291    393    394
f    291    394    395
f    291    395    292
f    293    292    395
f    293    395    396
f    293    396    397
f    293    397    294
f    294    397    398
f    294    398    399
f    294    399    400
f    294    400    401
f    294    401    402
f    294    402    295
f    295    402    403
f    295    403    404
f    295    404    296
f    405    301    300
f    189    302    303
f    189    303    190
f    406    307    306
f    406    306    305
f    308    202    201
f    308    201    407
f    205    408    409
f    205    409    310
f    205    310    206
f    311    410    411
f    311    411    312
f    312    411    412
f    312    412    413
f    312    413    314
f    312    314    313
f    209    317    414
f    209    414    210
f    319    415    320
f    213    416    417
f    213    417    326
f    213    326    323
f    213    323    214
f    417    418    327
f    417    327    326
f    419    420    421
f    419    421    422
f    419    422    328
f    419    328    327
f    419    327    418
f    328    422    330
f    328    330    329
f    331    330    422
f    331    422    421
f    331    421    423
f    331    423    424
f    331    424    425
f    331    425    333
f    333    425    426
f    333    426    427
f    333    427    428
f    333    428    429
f    333    429    335
f    333    335    334
f    336    335    429
f    336    429    430
f    336    430    431
f    336    431    432
f    336    432    433
f    336    433    337
f    337    433    434
f    337    434    435
f    337    435    436
f    337    436    437
f    337    437    438
f    337    438    439
f    337    439    341
f    337    341    339
f    337    339    338
f    437    440    441
f    437    441    442
f    437    442    443
f    437    443    438
f    439    444    342
f    439    342    341
f    438    443    445
f    438    445    446
f    438    446    444
f    438    444    439
f    446    447    346
f    446    346    343
f    446    343    342
f    446    342    444
f    445    448    449
f    445    449    447
f    445    447    446
f    449    450    349
f    449    349    348
f    449    348    347
f    449    347    346
f    449    346    447
f    451    452    453
f    451    453    351
f    451    351    350
f    451    350    349
f    451    349    450
f    451    450    454
f    455    453    452
f    455    452    456
f    353    352    351
f    353    351    453
f    353    453    455
f    353    455    457
f    458    354    353
f    458    353    457
f    458    457    459
f    242    241    354
f    242    354    458
f    242    458    460
f    355    144    143
f    355    143    461
f    355    461    462
f     92    244    357
f     92    357    245
f     92    245     93
f    359    246    156
f    359    156    155
f    359    155    150
f    359    150    149
f    359    149    356
f    252    249    248
f    252    248    360
f    252    360    253
f    164    361    463
f    164    463    165
f    464    363    362
f    256    255    364
f    258    465    466
f    258    466    259
f    259    466    467
f    259    467    468
f    259    468    469
f    259    469    260
f    366    470    471
f    366    471    472
f    366    472    473
f    366    473    367
f    368    367    473
f    368    473    474
f    368    474    475
f    368    475    369
f    370    369    475
f    370    475    476
f    370    476    371
f    266    372    477
f    266    477    478
f    266    478    373
f    266    373    267
f    378    479    480
f    378    480    481
f    378    481    379
f    378    379    270
f    378    270    269
f    481    482    483
f    481    483    484
f    481    484    485
f    481    485    380
f    481    380    379
f    380    485    486
f    380    486    487
f    380    487    382
f    380    382    381
f    382    487    488
f    382    488    489
f    382    489    384
f    382    384    383
f    489    490    491
f    489    491    385
f    489    385    384
f    385    491    492
f    385    492    391
f    385    391    390
f    385    390    389
f    385    389    386
f    492    493    494
f    492    494    392
f    492    392    391
f    289    392    494
f    289    494    495
f    289    495    496
f    289    496    290
f    290    496    497
f    290    497    393
f    290    393    291
f    395    394    498
f    395    498    499
f    395    499    396
f    396    499    500
f    396    500    398
f    396    398    397
f    400    501    502
f    400    502    503
f    400    503    401
f    401    503    504
f    401    504    505
f    401    505    403
f    401    403    402
f    296    404    506
f    296    506    507
f    296    507    508
f    296    508    297
f    297    508    298
f    509    510    406
f    509    406    305
f    509    305    304
f    509    304    303
f    509    303    302
f    509    302    301
f    509    301    405
f    407    201    200
f    407    200    307
f    407    307    406
f    407    406    510
f    204    309    511
f    204    511    408
f    204    408    205
f    409    512    410
f    409    410    311
f    409    311    310
f    513    514    515
f    513    515    412
f    513    412    411
f    513    411    410
f    513    410    512
f    412    515    516
f    412    516    517
f    412    517    518
f    412    518    413
f    314    413    518
f    314    518    519
f    314    519    520
f    314    520    521
f    314    521    315
f    210    414    522
f    210    522    523
f    210    523    318
f    210    318    211
f    523    524    525
f    523    525    526
f    523    526    415
f    523    415    319
f    523    319    318
f    212    322    527
f    212    527    528
f    212    528    416
f    212    416    213
f    528    529    530
f    528    530    419
f    528    419    418
f    528    418    417
f    528    417    416
f    530    531    532
f    530    532    420
f    530    420    419
f    421    420    532
f    421    532    533
f    421    533    423
f    423    533    534
f    423    534    535
f    423    535    424
f    424    535    536
f    424    536    426
f    424    426    425
f    429    428    537
f    429    537    538
f    429    538    430
f    432    539    540
f    432    540    541
f    432    541    542
f    432    542    434
f    432    434    433
f    435    543    544
f    435    544    545
f    435    545    546
f    435    546    436
f    436    546    547
f    436    547    548
f    436    548    440
f    436    440    437
f    548    549    550
f    548    550    551
f    548    551    552
f    548    552    441
f    548    441    440
f    441    552    553
f    441    553    554
f    441    554    442
f    551    555    556
f    551    556    553
f    551    553    552
f    442    554    557
f    442    557    448
f    442    448    445
f    442    445    443
f    553    556    558
f    553    558    559
f    553    559    557
f    553    557    554
f    454    450    449
f    454    449    448
f    454    448    557
f    454    557    559
f    454    559    560
f    454    560    561
f    562    563    451
f    562    451    454
f    562    454    561
f    562    561    564
f    562    564    565
f    562    565    566
f    562    566    567
f    568    569    563
f    568    563    562
f    456    452    451
f    456    451    563
f    456    563    569
f    456    569    570
f    571    570    569
f    571    569    568
f    571    568    572
f    459    457    455
f    459    455    456
f    459    456    570
f    459    570    571
f    573    460    458
f    573    458    459
f    573    459    571
f    573    571    572
f    573    572    574
f    461    143    142
f    461    142    243
f    461    243    238
f    461    238    242
f    461    242    460
f    461    460    573
f    358    357    244
f    358    244    147
f    358    147    146
f    358    146    355
f    358    355    462
f    358    462    575
f    358    575    576
f    253    360    359
f    253    359    356
f    253    356    358
f    253    358    576
f    253    576    577
f    253    577    463
f    253    463    361
f    253    361    254
f    165    463    577
f    165    577    578
f    165    578    579
f    165    579    464
f    165    464    362
f    165    362    166
f    167    363    464
f    167    464    579
f    167    579    168
f    580    465    258
f    580    258    257
f    581    467    466
f    581    466    465
f    581    465    580
f    582    469    468
f    260    469    582
f    260    582    583
f    260    583    365
f    260    365    261
f    584    585    470
f    584    470    366
f    584    366    365
f    584    365    583
f    472    471    586
f    472    586    587
f    474    473    472
f    474    472    587
f    474    587    588
f    371    476    477
f    371    477    372
f    374    589    590
f    374    590    375
f    591    482    481
f    591    481    480
f    592    593    484
f    592    484    483
f    592    483    594
f    484    593    595
f    484    595    596
f    484    596    486
f    484    486    485
f    486    596    597
f    486    597    598
f    486    598    488
f    486    488    487
f    488    598    599
f    488    599    600
f    488    600    490
f    488    490    489
f    600    601    602
f    600    602    493
f    600    493    492
f    600    492    491
f    600    491    490
f    494    493    602
f    494    602    603
f    494    603    604
f    494    604    495
f    495    604    605
f    495    605    606
f    495    606    497
f    495    497    496
f    497    606    607
f    497    607    608
f    497    608    609
f    497    609    498
f    497    498    394
f    497    394    393
f    498    609    610
f    498    610    611
f    498    611    500
f    498    500    499
f    398    500    611
f    398    611    399
f    612    504    503
f    612    503    502
f    612    502    613
f    614    615    505
f    614    505    504
f    614    504    612
f    403    505    615
f    403    615    616
f    403    616    617
f    403    617    506
f    403    506    404
f    506    617    618
f    506    618    619
f    506    619    620
f    506    620    507
f    298    508    507
f    298    507    620
f    298    620    621
f    298    621    622
f    298    622    623
f    298    623    509
f    298    509    405
f    298    405    300
f    298    300    299
f    623    624    625
f    623    625    626
f    623    626    627
f    623    627    628
f    623    628    511
f    623    511    309
f    623    309    308
f    623    308    407
f    623    407    510
f    623    510    509
f    628    629    630
f    628    630    513
f    628    513    512
f    628    512    409
f    628    409    408
f    628    408    511
f    631    632    633
f    631    633    514
f    631    514    513
f    631    513    630
f    631    630    634
f    631    634    635
f    633    636    516
f    633    516    515
f    633    515    514
f    637    638    517
f    637    517    516
f    637    516    636
f    637    636    639
f    518    517    638
f    518    638    519
f    315    521    640
f    315    640    316
f    522    641    524
f    522    524    523
f    320    415    526
f    320    526    642
f    320    642    643
f    320    643    321
f    321    643    644
f    321    644    527
f    321    527    322
f    645    531    530
f    645    530    529
f    646    534    533
f    646    533    532
f    646    532    531
f    646    531    645
f    427    537    428
f    647    541    540
f    434    542    648
f    434    648    649
f    434    649    543
f    434    543    435
f    544    650    651
f    544    651    652
f    544    652    545
f    545    652    653
f    545    653    654
f    545    654    547
f    545    547    546
f    547    654    655
f    547    655    656
f    547    656    549
f    547    549    548
f    656    657    658
f    656    658    550
f    656    550    549
f    550    658    659
f    550    659    555
f    550    555    551
f    659    660    661
f    659    661    558
f    659    558    556
f    659    556    555
f    559    558    661
f    559    661    662
f    559    662    663
f    559    663    560
f    561    560    663
f    561    663    664
f    561    664    665
f    561    665    564
f    564    665    666
f    564    666    667
f    564    667    668
f    564    668    565
f    565    668    669
f    565    669    566
f    669    668    667
f    669    667    670
f    669    670    671
f    567    566    669
f    567    669    671
f    567    671    672
f    567    672    673
f    672    671    670
f    672    670    674
f    672    674    675
f    672    675    676
f    574    572    568
f    574    568    562
f    574    562    567
f    574    567    673
f    574    673    677
f    677    673    672
f    677    672    676
f    677    676    678
f    677    678    679
f    677    679    680
f    677    680    681
f    677    681    682
f    677    682    683
f    575    462    461
f    575    461    573
f    575    573    574
f    575    574    677
f    575    677    683
f    575    683    684
f    575    684    685
f    575    685    686
f    577    576    575
f    577    575    686
f    577    686    687
f    577    687    688
f    577    688    689
f    577    689    578
f    168    579    578
f    168    578    689
f    168    689    690
f    168    690    691
f    168    691    581
f    168    581    580
f    168    580    257
f    168    257    256
f    168    256    364
f    168    364    169
f    690    692    693
f    690    693    694
f    690    694    695
f    690    695    696
f    690    696    691
f    691    696    584
f    691    584    583
f    691    583    582
f    691    582    468
f    691    468    467
f    691    467    581
f    694    697    698
f    694    698    695
f    695    698    699
f    695    699    585
f    695    585    584
f    695    584    696
f    700    699    698
f    700    698    697
f    700    697    701
f    700    701    702
f    700    702    703
f    586    471    470
f    586    470    585
f    586    585    699
f    586    699    700
f    375    590    376
f    704    595    593
f    704    593    592
f    705    706    597
f    705    597    596
f    705    596    595
f    705    595    704
f    707    599    598
f    707    598    597
f    707    597    706
f    707    706    708
f    709    710    601
f    709    601    600
f    709    600    599
f    709    599    707
f    711    603    602
f    711    602    601
f    711    601    710
f    711    710    712
f    711    712    713
f    714    605    604
f    714    604    603
f    714    603    711
f    715    607    606
f    715    606    605
f    715    605    714
f    715    714    716
f    610    609    608
f    610    608    717
f    610    717    718
f    399    611    610
f    399    610    718
f    399    718    501
f    399    501    400
f    719    616    615
f    719    615    614
f    720    618    617
f    720    617    616
f    720    616    719
f    620    619    721
f    620    721    722
f    620    722    723
f    620    723    621
f    621    723    724
f    621    724    725
f    621    725    622
f    622    725    726
f    622    726    727
f    622    727    728
f    622    728    729
f    622    729    624
f    622    624    623
f    729    730    731
f    729    731    732
f    729    732    625
f    729    625    624
f    627    733    734
f    627    734    735
f    627    735    629
f    627    629    628
f    735    634    630
f    735    630    629
f    639    636    633
f    639    633    632
f    519    638    637
f    519    637    736
f    519    736    737
f    519    737    520
f    520    737    640
f    520    640    521
f    431    539    432
f    649    738    739
f    649    739    650
f    649    650    544
f    649    544    543
f    740    741    742
f    740    742    651
f    740    651    650
f    740    650    739
f    743    653    652
f    743    652    651
f    743    651    742
f    743    742    744
f    745    655    654
f    745    654    653
f    745    653    743
f    746    747    657
f    746    657    656
f    746    656    655
f    746    655    745
f    748    660    659
f    748    659    658
f    748    658    657
f    748    657    747
f    748    747    749
f    750    662    661
f    750    661    660
f    750    660    748
f    750    748    751
f    663    662    750
f    663    750    752
f    663    752    753
f    663    753    664
f    664    753    754
f    664    754    666
f    664    666    665
f    670    667    666
f    670    666    754
f    670    754    755
f    670    755    674
f    674    755    756
f    674    756    757
f    674    757    758
f    674    758    675
f    676    675    758
f    676    758    678
f    679    759    760
f    679    760    680
f    683    682    761
f    683    761    762
f    683    762    684
f    684    762    763
f    684    763    764
f    684    764    765
f    684    765    766
f    684    766    767
f    684    767    685
f    686    685    767
f    686    767    768
f    686    768    769
f    686    769    770
f    686    770    687
f    687    770    771
f    687    771    772
f    687    772    773
f    687    773    774
f    687    774    775
f    687    775    688
f    689    688    775
f    689    775    776
f    689    776    692
f    689    692    690
f    776    777    778
f    776    778    693
f    776    693    692
f    693    778    779
f    693    779    701
f    693    701    697
f    693    697    694
f    780    702    701
f    780    701    779
f    703    702    780
f    377    479    378
f    781    594    483
f    781    483    482
f    781    482    591
f    782    708    706
f    782    706    705
f    782    705    783
f    784    785    709
f    784    709    707
f    784    707    708
f    784    708    782
f    712    710    709
f    712    709    785
f    712    785    786
f    787    713    712
f    787    712    786
f    787    786    788
f    787    788    789
f    790    716    714
f    790    714    711
f    790    711    713
f    790    713    787
f    791    717    608
f    791    608    607
f    791    607    715
f    613    502    501
f    613    501    718
f    613    718    717
f    613    717    791
f    792    721    619
f    792    619    618
f    792    618    720
f    722    721    792
f    722    792    793
f    794    726    725
f    794    725    724
f    794    724    795
f    796    797    798
f    796    798    727
f    796    727    726
f    796    726    794
f    727    798    799
f    727    799    800
f    727    800    728
f    728    800    801
f    728    801    730
f    728    730    729
f    626    733    627
f    635    634    735
f    635    735    734
f    802    736    637
f    802    637    639
f    802    639    632
f    802    632    631
f    803    804    525
f    803    525    524
f    803    524    641
f    525    804    642
f    525    642    526
f    527    644    805
f    527    805    646
f    527    646    645
f    527    645    529
f    527    529    528
f    805    536    535
f    805    535    534
f    805    534    646
f    806    648    542
f    806    542    541
f    806    541    647
f    807    738    649
f    807    649    648
f    807    648    806
f    808    741    740
f    808    740    809
f    808    809    810
f    808    810    811
f    744    742    741
f    744    741    808
f    744    808    812
f    813    814    746
f    813    746    745
f    813    745    743
f    813    743    744
f    813    744    812
f    813    812    815
f    816    749    747
f    816    747    746
f    816    746    814
f    816    814    817
f    818    751    748
f    818    748    749
f    818    749    816
f    818    816    819
f    820    821    752
f    820    752    750
f    820    750    751
f    820    751    818
f    754    753    752
f    754    752    821
f    754    821    756
f    754    756    755
f    678    758    757
f    678    757    822
f    678    822    759
f    678    759    679
f    822    823    760
f    822    760    759
f    681    824    761
f    681    761    682
f    763    825    764
f    767    766    826
f    767    826    827
f    767    827    828
f    767    828    829
f    767    829    768
f    769    768    829
f    769    829    830
f    769    830    831
f    769    831    832
f    769    832    833
f    834    771    770
f    834    770    769
f    834    769    833
f    834    833    835
f    834    835    836
f    834    836    837
f    834    837    838
f    839    772    771
f    839    771    834
f    775    774    840
f    775    840    777
f    775    777    776
f    588    587    586
f    588    586    700
f    588    700    703
f    588    703    780
f    588    780    779
f    588    779    778
f    588    778    777
f    588    777    840
f    588    840    841
f    588    841    842
f    477    476    475
f    477    475    474
f    477    474    588
f    477    588    842
f    477    842    478
f    843    783    705
f    843    705    704
f    843    704    592
f    843    592    594
f    843    594    781
f    844    845    784
f    844    784    782
f    844    782    783
f    844    783    843
f    846    847    788
f    846    788    786
f    846    786    785
f    846    785    784
f    846    784    845
f    848    847    846
f    848    846    849
f    789    788    847
f    789    847    848
f    850    851    852
f    850    852    853
f    850    853    790
f    850    790    787
f    850    787    789
f    850    789    848
f    850    848    849
f    850    849    854
f    850    854    855
f    853    793    792
f    853    792    720
f    853    720    719
f    853    719    614
f    853    614    612
f    853    612    613
f    853    613    791
f    853    791    715
f    853    715    716
f    853    716    790
f    856    795    724
f    856    724    723
f    856    723    722
f    856    722    793
f    856    793    853
f    856    853    852
f    857    858    859
f    857    859    860
f    857    860    861
f    857    861    862
f    857    862    796
f    857    796    794
f    857    794    795
f    857    795    856
f    862    863    797
f    862    797    796
f    861    864    865
f    861    865    866
f    861    866    863
f    861    863    862
f    866    867    799
f    866    799    798
f    866    798    797
f    866    797    863
f    868    801    800
f    868    800    799
f    868    799    867
f    868    867    869
f    731    870    732
f    625    732    870
f    625    870    871
f    625    871    872
f    625    872    802
f    625    802    631
f    625    631    635
f    625    635    734
f    625    734    733
f    625    733    626
f    316    640    737
f    316    737    736
f    316    736    802
f    316    802    872
f    316    872    873
f    316    873    803
f    316    803    641
f    316    641    522
f    316    522    414
f    316    414    317
f    873    874    538
f    873    538    537
f    873    537    427
f    873    427    426
f    873    426    536
f    873    536    805
f    873    805    644
f    873    644    643
f    873    643    642
f    873    642    804
f    873    804    803
f    430    538    874
f    430    874    875
f    430    875    876
f    430    876    877
f    430    877    807
f    430    807    806
f    430    806    647
f    430    647    540
f    430    540    539
f    430    539    431
f    877    878    809
f    877    809    740
f    877    740    739
f    877    739    738
f    877    738    807
f    879    810    809
f    879    809    878
f    879    878    880
f    815    812    808
f    815    808    811
f    815    811    881
f    882    883    817
f    882    817    814
f    882    814    813
f    884    819    816
f    884    816    817
f    884    817    883
f    884    883    885
f    886    887    820
f    886    820    818
f    886    818    819
f    886    819    884
f    757    756    821
f    757    821    820
f    757    820    887
f    757    887    888
f    757    888    823
f    757    823    822
f    680    760    823
f    680    823    888
f    680    888    889
f    680    889    890
f    680    890    824
f    680    824    681
f    761    824    890
f    761    890    891
f    761    891    892
f    761    892    825
f    761    825    763
f    761    763    762
f    765    826    766
f    829    828    893
f    829    893    830
f    831    894    895
f    831    895    896
f    831    896    832
f    833    832    896
f    833    896    897
f    833    897    835
f    838    837    898
f    899    773    772
f    899    772    839
f    841    840    774
f    841    774    773
f    841    773    899
f    478    842    841
f    478    841    899
f    478    899    839
f    478    839    834
f    478    834    838
f    478    838    898
f    478    898    900
f    478    900    901
f    478    901    902
f    478    902    903
f    478    903    904
f    478    904    589
f    478    589    374
f    478    374    373
f    376    590    589
f    376    589    904
f    376    904    905
f    376    905    906
f    376    906    907
f    376    907    908
f    376    908    909
f    376    909    850
f    376    850    855
f    376    855    910
f    376    910    844
f    376    844    843
f    376    843    781
f    376    781    591
f    376    591    480
f    376    480    479
f    376    479    377
f    910    854    849
f    910    849    846
f    910    846    845
f    910    845    844
f    909    851    850
f    855    854    910
f    907    911    912
f    907    912    913
f    907    913    914
f    907    914    915
f    907    915    916
f    907    916    908
f    908    916    857
f    908    857    856
f    908    856    852
f    908    852    851
f    908    851    909
f    915    917    918
f    915    918    858
f    915    858    857
f    915    857    916
f    914    919    920
f    914    920    921
f    914    921    922
f    914    922    923
f    914    923    917
f    914    917    915
f    860    864    861
f    918    859    858
f    869    867    866
f    869    866    865
f    923    924    925
f    923    925    926
f    923    926    868
f    923    868    869
f    923    869    865
f    923    865    864
f    923    864    860
f    923    860    859
f    923    859    918
f    923    918    917
f    927    928    871
f    927    871    870
f    927    870    731
f    927    731    730
f    927    730    801
f    927    801    868
f    927    868    926
f    927    926    929
f    871    928    930
f    871    930    875
f    871    875    874
f    871    874    873
f    871    873    872
f    931    932    876
f    931    876    875
f    931    875    930
f    931    930    933
f    931    933    934
f    880    878    877
f    880    877    876
f    880    876    932
f    880    932    935
f    881    811    810
f    881    810    879
f    885    883    882
f    891    890    889
f    891    889    936
f    936    889    888
f    936    888    887
f    936    887    886
f    764    825    892
f    764    892    937
f    764    937    938
f    764    938    827
f    764    827    826
f    764    826    765
f    827    938    939
f    827    939    940
f    827    940    941
f    827    941    893
f    827    893    828
f    835    897    942
f    835    942    943
f    835    943    944
f    835    944    836
f    898    837    836
f    898    836    944
f    898    944    900
f    903    945    946
f    903    946    947
f    903    947    905
f    903    905    904
f    905    947    948
f    905    948    949
f    905    949    950
f    905    950    912
f    905    912    911
f    905    911    906
f    906    911    907
f    950    951    913
f    950    913    912
f    913    951    952
f    913    952    953
f    913    953    919
f    913    919    914
f    953    954    920
f    953    920    919
f    920    954    955
f    920    955    956
f    920    956    921
f    922    924    923
f    921    956    957
f    921    957    958
f    921    958    925
f    921    925    924
f    921    924    922
f    929    926    925
f    929    925    958
f    929    958    959
f    933    930    928
f    933    928    927
f    933    927    960
f    961    934    933
f    961    933    960
f    961    960    962
f    935    932    931
f    940    939    963
f    940    963    964
f    963    939    938
f    963    938    937
f    830    893    941
f    830    941    894
f    830    894    831
f    943    942    965
f    943    965    966
f    900    944    943
f    900    943    966
f    900    966    967
f    900    967    901
f    946    968    969
f    946    969    970
f    946    970    948
f    946    948    947
f    948    970    971
f    948    971    972
f    948    972    949
f    949    972    973
f    949    973    952
f    949    952    951
f    949    951    950
f    973    955    954
f    973    954    953
f    973    953    952
f    971    974    957
f    971    957    956
f    971    956    955
f    971    955    973
f    971    973    972
f    959    958    957
f    959    957    974
f    959    974    975
f    962    960    927
f    962    927    929
f    962    929    959
f    962    959    975
f    962    975    976
f    962    976    977
f    978    979    980
f    978    980    961
f    978    961    962
f    978    962    977
f    978    977    981
f    982    895    894
f    982    894    941
f    982    941    940
f    982    940    964
f    982    964    980
f    982    980    979
f    896    895    982
f    896    982    965
f    896    965    942
f    896    942    897
f    966    965    982
f    966    982    979
f    966    979    978
f    966    978    983
f    966    983    967
f    901    967    983
f    901    983    902
f    984    969    968
f    976    975    974
f    976    974    971
f    976    971    970
f    976    970    969
f    976    969    984
f    981    977    976
f    981    976    984
f    981    984    968
f    981    968    946
f    981    946    945
f    902    983    978
f    902    978    981
f    902    981    945
f    902    945    903
f    980    964    963
f    980    963    937
f    980    937    892
f    980    892    891
f    980    891    936
f    980    936    886
f    980    886    884
f    980    884    885
f    980    885    882
f    980    882    813
f    980    813    815
f    980    815    881
f    980    881    879
f    980    879    880
f    980    880    935
f    980    935    931
f    980    931    934
f    980    934    961
